lat	lon	site	type	year	jan	feb	mar	apr	may	jun	jul	aug	sep	oct	nov	dec	mean
521477	2059655	200001	QSI	1931	5.1	3.3	15.2	21.5	30.4	35	16.5	8.6	17	11	14.4	11	15.8
521477	2059655	200001	QSI	1932	6.4	3.8	3	17.8	35.8	16	8.6	10.7	18.6	14.1	19	11.4	13.8
521477	2059655	200001	QSI	1933	4.7	3.5	10.6	7.3	31.4	14.8	11.8	10.7	8.7	6.4	10	15.1	11.3
521477	2059655	200001	QSI	1934	8	9.9	6.8	11.5	10.4	13.4	6.8	10.3	16.1	5.3	10.9	11.6	10.1
521477	2059655	200001	QSI	1935	3.8	11.2	4.3	3	31.9	18.3	12.8	8.8	8.5	19	8.3	17.2	12.3
521477	2059655	200001	QSI	1936	4.2	5.1	3.1	4.4	38	11	19.1	28.2	10.8	6.7	8.6	15.3	12.9
521477	2059655	200001	QSI	1937	19.5	4.8	4.7	4.9	58.2	9.9	8.9	4.8	6.5	9.9	16.8	8.9	13.2
521477	2059655	200001	QSI	1938	4.4	7.2	5.3	3.1	3.6	3.7	8.7	9.4	5.3	7.3	12.7	4.6	6.3
521477	2059655	200001	QSI	1939	5.1	3	4.4	2.5	9.6	7.9	9.3	10.5	10.9	12.7	10.5	12.9	8.3
521477	2059655	200001	QSI	1940	4.9	7	3.3	5.2	41.2	9.6	6.1	4.2	8.9	20.4	13.2	4.9	10.7
521477	2059655	200001	QSI	1941	3.3	2.6	2	9.4	12.1	12.1	11.4	21.8	11.4	11.8	11.8	8.6	9.9
521477	2059655	200001	QSI	1942	4	3.5	2.7	3.9	5.3	8.1	8.9	13.9	4.6	4	12.2	6.4	6.5
521477	2059655	200001	QSI	1943	7.7	5.6	8.4	7.6	7.4	7.7	4.6	5.2	6.3	6	5.1	3.4	6.2
521477	2059655	200001	QSI	1944	2.5	2	1.6	1.3	7.8	24.5	10.2	3	3.6	3	9.2	3.1	6
521477	2059655	200001	QSI	1945	2.3	1.8	1.5	1.2	28.7	1.9	8.1	28.7	21.2	10.2	10.9	4.2	10.1
521477	2059655	200001	QSI	1946	3.2	3.1	6.4	5.5	7.8	10.4	4	4.6	9.5	15.3	15.6	6.6	7.7
521477	2059655	200001	QSI	1947	4.7	3.5	2.7	2.1	15	5.6	7.1	3.5	8.3	11.4	3	3.5	5.9
521477	2059655	200001	QSI	1948	5.8	2.9	2.2	1.8	25.5	5.4	13	7.4	7.1	11.1	19.3	8.5	9.2
521477	2059655	200001	QSI	1949	5.6	3.3	4.3	2.9	11.4	4.9	5.2	9.7	11.8	7.8	4.1	17.8	7.4
521477	2059655	200001	QSI	1950	6.5	11.2	5.2	3.5	2.9	11.9	17.6	11.8	5.8	4.7	19.5	7.7	9
521477	2059655	200001	QSI	1951	3.4	2.7	2.2	3.1	14.7	8.8	10.3	7.2	13	11.3	23.5	27.4	10.6
521477	2059655	200001	QSI	1952	4.8	3.8	3	11.4	13	5.8	24	6.1	12.9	9.1	7.5	3.5	8.8
521477	2059655	200001	QSI	1953	6.1	2.8	2.3	2.4	16.1	4.4	7.9	5.6	8.5	5.7	20.9	3.7	7.2
521477	2059655	200001	QSI	1954	3.7	32.6	3.2	3.8	12.4	16.9	5.3	13.8	7.5	29.3	11.3	6.9	12.2
521477	2059655	200001	QSI	1955	3.6	3.2	2.5	2.5	15.8	5.6	9.4	10.6	14.6	20.2	9.9	9.1	8.9
521477	2059655	200001	QSI	1956	4.1	18.1	41.5	11.7	17.1	7.5	5.2	8.2	5.9	9.8	4	12.1	12.1
521477	2059655	200001	QSI	1957	4	3.7	2.6	2.1	6.4	15.7	5.2	4.5	10.3	5.2	7.4	7	6.2
521477	2059655	200001	QSI	1958	4.4	3	2.6	5.4	50.3	37.7	10	16	7.2	6	8.5	3.5	12.9
521477	2059655	200001	QSI	1959	3.3	2.5	2	2.9	4.3	2	3.7	6.1	8.4	7.6	7.5	3.8	4.5
521477	2059655	200001	QSI	1960	8.8	8.1	4.5	7.8	17	9.3	7	10.3	5.3	5	24.4	7.3	9.6
521477	2059655	200001	QSI	1961	3.5	3.2	9.7	11.8	6.9	8.2	8	12.9	7.3	15.4	15.2	9.7	9.3
521477	2059655	200001	QSI	1962	5.8	3.5	3	9	6.6	9.4	5	7.1	5.9	3.8	2.9	15.7	6.5
521477	2059655	200001	QSI	1963	3.6	2.8	4.6	11.7	8.9	5.5	7.8	6.7	17.2	16.9	9.5	5.6	8.4
521477	2059655	200001	QSI	1964	3.8	2.9	2.3	13.3	4.3	11.6	4	12.6	9	3.5	9.5	4.2	6.8
521477	2059655	200001	QSI	1965	2.9	2.3	1.8	1.4	58.1	9.1	5.6	10.7	13.9	9	18.8	12.3	12.2
521477	2059655	200001	QSI	1966	9.2	4.9	9.2	7.4	11.1	8.8	15.8	8.7	11.1	10.2	14.6	6.2	9.8
521477	2059655	200001	QSI	1967	6.7	3.7	3	2.4	2.8	4.9	2.6	6.5	6.9	6.2	2.6	2.1	4.2
521477	2059655	200001	QSI	1968	2	1.6	1.3	1	6.1	14.3	6.7	7.7	4.8	3.7	20.9	15.9	7.2
521477	2059655	200001	QSI	1969	3.5	2.8	2.2	5.1	16.3	16.8	4.7	7.1	7	14.8	7.2	5.3	7.7
521477	2059655	200001	QSI	1970	3.1	3	2.2	1.8	11.5	28.5	7.9	28	13.4	25.3	23.7	13	13.4
521477	2059655	200001	QSI	1971	4.3	9.3	6.6	11	5.6	5.8	11.6	11.9	5.9	13.7	7.2	8.6	8.4
521477	2059655	200001	QSI	1972	4.8	4.6	6.8	5.7	4.3	6.1	9.6	5.2	9.2	10.2	9.9	10.3	7.2
521477	2059655	200001	QSI	1973	7	7	4.6	4.6	3	8.3	5.6	9.3	18.9	15.2	8.9	5.6	8.2
521477	2059655	200001	QSI	1974	7	13.5	6.4	4.3	6.5	4.4	4.3	11	10.6	28.5	20.7	4.4	10.1
521477	2059655	200001	QSI	1975	3.5	2.8	2.2	1.8	9.1	2	2.9	4.9	9.4	10.1	41.6	15.6	8.8
521477	2059655	200001	QSI	1976	4.1	5.1	6	5	7.2	7.9	3.6	11.7	8.4	11.6	3.5	4.1	6.5
521477	2059655	200001	QSI	1977	2.7	2.2	1.7	3.9	9	2.2	9	21.4	4	10.4	26.1	10.5	8.6
521477	2059655	200001	QSI	1978	3.8	3.5	11	20.1	16	17	5.5	6.3	13.2	16.1	8.3	4.4	10.4
521477	2059655	200001	QSI	1979	3.3	2.7	6.8	38.8	38.7	20.7	13	34.3	28.8	15.3	20.8	5.3	19
521477	2059655	200001	QSI	1980	4.1	3.3	3.4	3.4	8.2	8.2	6.1	9.1	9.2	7	3.7	5	5.9
521477	2059655	200001	QSI	1981	8.8	7	12.8	9.6	32.8	11.7	8.5	14.1	9.3	16.6	16.5	13.1	13.4
521477	2059655	200001	QSI	1982	10	7.6	3.8	3.1	33.3	11.9	21.3	15.6	8.1	5.2	15.9	8.3	12
521477	2059655	200001	QSI	1983	5.4	3.4	3	6.2	19.5	19.6	12.7	13.6	9.4	12.5	4	5.4	9.6
521477	2059655	200001	QSI	1984	6.2	4.2	2.8	3	17.8	23.2	5.6	4.4	14.8	13.7	13.4	6.1	9.6
521477	2059655	200001	QSI	1985	3.4	4	5.7	3.8	3	3.5	3.5	7	18.9	22	16	6.3	8.1
521477	2059655	200001	QSI	1986	5.3	3.3	2.6	16.7	21.9	8.7	6.8	11.7	7.7	22.7	17.9	5	10.9
521477	2059655	200001	QSI	1987	3.5	3.8	2.8	5	26.1	24.7	4.8	6.6	13.1	13.7	26.1	18.4	12.4
521477	2059655	200001	QSI	1988	12	4.1	3.7	3.6	5.2	13.2	11.6	20.5	15	11.5	20.7	8.3	10.8
521477	2059655	200001	QSI	1989	4.7	13.9	3.6	2.9	10.4	3.7	9.6	13.6	13.9	13.4	10.7	4.4	8.7
521477	2059655	200001	QSI	1990	5.6	3.2	2.8	2.5	2.1	8.9	5.4	7.4	16.2	26.8	20	11.3	9.4
521477	2059655	200001	QSI	1991	4.7	4.7	3.1	2.7	8.9	4.3	7.5	7.9	6.4	7.5	15.3	6.4	6.6
521477	2059655	200001	QSI	1992	3.3	2.7	2.1	5	29.5	3.7	9.8	13.8	9.6	13.2	9.3	11	9.4
521477	2059655	200001	QSI	1993	6.2	3.6	6	12.3	16.9	11	8.3	8.9	14.2	8.5	15.2	3.8	9.6
521477	2059655	200001	QSI	1994	3.5	2.7	4	2.6	2.7	3.3	3.9	9.1	8.8	14	4.4	8.5	5.6
521477	2059655	200001	QSI	1995	3	4.2	3.5	2.3	16.1	5.4	10.8	14.3	18.2	10.4	7.1	3.6	8.3
521477	2059655	200001	QSI	1996	3.5	11.9	6.5	4.2	15.2	16.3	10.9	12.7	11.7	8.5	30.7	6.8	11.6
521477	2059655	200001	QSI	1997	3.8	3.5	2.7	2.2	5.2	7.6	6.6	7.6	10.8	9.8	3.2	2.6	5.5
521477	2059655	200001	QSI	1998	2.2	1.8	4.3	1.7	12.6	12.9	6.9	9.2	12	10.1	26	9.5	9.1
521477	2059655	200001	QSI	1999	4.2	9	3.5	4.4	11.1	13	16.4	9.8	8.3	7.5	11	4.4	8.6
521477	2059655	200001	QSI	2000	3.3	2.8	2.2	2.2	11.6	14.8	4.3	7	7.2	12.3	3.7	5.1	6.4
521477	2059655	200001	QSI	2001	2.9	2.3	3.8	8.3	18.6	7.4	14.1	6.9	8.8	5.2	3.3	5.9	7.3
521477	2059655	200001	QSI	2002	2.8	2.2	1.7	12.3	11.9	11.7	5	18.3	12	5.2	3.2	7.8	7.8
521477	2059655	200001	QSI	2003	3.6	2.6	2.4	12.7	11.5	10.8	14	15.3	3.9	15.6	24.7	8.1	10.4
521477	2059655	200001	QSI	2004	5.8	3.4	17.6	18.3	21.6	15.1	12.2	9.3	17.1	10.1	7	11.1	12.4
521477	2059655	200001	QSI	2005	7.4	3.7	2.9	3.8	42.2	19	16.4	6.8	8.5	14.7	10.6	5.3	11.8
521477	2059655	200001	QSI	2006	4.6	5	9.5	11.6	16.9	14.7	9.3	21.6	4.9	8.3	12.1	6.9	10.4
521477	2059655	200001	QSI	2007	8.5	3.5	21.5	7.9	36.6	7.8	6.6	9.8	5.5	16.4	8.5	17.3	12.5
521477	2059655	200001	QSI	2008	6.3	3.7	3	11.9	5.2	15.3	5.6	25.1	15.8	9	10.2	9.3	10
521477	2059655	200001	QSI	2009	6.7	23	5.8	9.1	29.7	19	9.6	10.9	9.8	5.7	8	5.8	11.9
521477	2059655	200001	QSI	2010	4.5	4.8	2.9	9.2	17	21.9	13.6	5.9	9	8.2	16.8	5	9.9
521477	2059655	220001	QSI	1934	2.5	2.5	1.9	1.3	2.8	2.4	1.8	5.1	5.3	4.5	15	7.2	4.3
521477	2059655	220001	QSI	1935	3.5	2.5	1.9	1.5	6.6	2.2	1.8	7	3.1	11.2	3.8	2.7	4
521477	2059655	220001	QSI	1936	1.9	2	1.4	1.1	4.8	1.5	6	2.9	8.1	4.9	9.7	6.4	4.2
521477	2059655	220001	QSI	1937	5.4	2.3	1.9	2.2	13.7	2.1	1.8	3.5	4.1	2.5	4.4	2.6	3.9
521477	2059655	220001	QSI	1938	2.5	2.1	1.5	1.2	1.5	1.1	2.1	2.2	2.6	5.7	5.9	3	2.6
521477	2059655	220001	QSI	1939	2	1.6	1.3	1.3	5	1.3	3.1	3.5	2.5	3.9	1.7	3.7	2.6
521477	2059655	220001	QSI	1940	2	1.5	1.2	2.5	7	3.4	2.5	1.8	6	9.9	5.9	2.1	3.8
521477	2059655	220001	QSI	1941	1.7	1.4	1.1	3	2.9	3.3	2.3	2.7	5.7	3.6	1.9	4.5	2.8
521477	2059655	220001	QSI	1942	1.8	1.4	1.2	1	3.7	1.8	3.6	2.6	4.8	2.3	3.2	1.7	2.4
521477	2059655	220001	QSI	1943	1.7	1.3	1.5	2	1.6	2.8	2	1.5	2	1.2	3.1	1.5	1.9
521477	2059655	220001	QSI	1944	1.1	0.9	0.7	0.6	5.5	5.2	2.6	1.9	3.3	1.6	1.5	1.3	2.2
521477	2059655	220001	QSI	1945	1	0.9	0.8	0.6	9.5	2.7	1.6	5.5	5	4.8	5.4	2	3.3
521477	2059655	220001	QSI	1946	1.8	1.7	1.4	2.6	4.6	2.5	2.7	3.3	4.4	1.8	3.2	1.7	2.6
521477	2059655	220001	QSI	1947	2	1.5	1.2	2	3.3	1.5	2	1.3	1.1	6.5	1.3	1.1	2.1
521477	2059655	220001	QSI	1948	1.8	1.2	1	1	15.1	2	3.5	2.1	2.1	1.7	3.6	2.9	3.2
521477	2059655	220001	QSI	1949	2.2	1.5	1.4	2.2	4.9	1.8	1.7	1.3	4.2	2.2	1.4	2.9	2.3
521477	2059655	220001	QSI	1950	2.4	1.9	1.8	1.9	1.5	3.4	4.9	2	1.5	1.9	2.5	2.8	2.4
521477	2059655	220001	QSI	1951	1.5	1.2	1	4.5	4.1	2	1.5	1.8	4	1.5	5.7	9.3	3.2
521477	2059655	220001	QSI	1952	2.1	1.8	1.6	3.9	6.6	4	4.2	1.9	3.9	1.9	2.7	1.7	3
521477	2059655	220001	QSI	1953	1.8	1.4	1.1	1.2	4.2	1.3	1.2	1.5	1.3	1.8	6.4	1.7	2.1
521477	2059655	220001	QSI	1954	2.4	5.5	2	1.6	5.7	3.5	2	1.7	1.7	6.9	3.9	2.3	3.3
521477	2059655	220001	QSI	1955	1.6	1.7	1.3	1.1	2.9	1.1	3.2	1.7	2.1	4.1	3.9	2.9	2.3
521477	2059655	220001	QSI	1956	2.8	3.7	4.3	3.8	7.1	2.2	1.8	1.5	1.2	4	3.3	2.1	3.2
521477	2059655	220001	QSI	1957	2.2	2.4	1.4	1.2	0.9	2	1.4	1	1.9	2.5	2	3.2	1.8
521477	2059655	220001	QSI	1958	3.4	1.7	1.6	3.1	14.9	5.3	2.5	1.9	2	3.4	3.5	2.1	3.8
521477	2059655	220001	QSI	1959	2.3	1.5	1.3	1.4	1	1	1	0.8	3	1.5	4.3	2.5	1.8
521477	2059655	220001	QSI	1960	4.1	2	2.4	3.5	4	2	1.5	2.3	1.6	1.9	5.3	3.6	2.8
521477	2059655	220001	QSI	1961	2.1	1.7	2.7	1.5	2.6	1.8	2	2.8	1.6	9.8	9.1	7	3.7
521477	2059655	220001	QSI	1962	3.3	2.2	2.1	2.5	1.6	2.5	1.4	1.5	2.1	2.3	4.1	7.7	2.8
521477	2059655	220001	QSI	1963	2.1	1.8	1.5	2	2.4	1.3	1.5	2.7	5	9.4	5.2	2.5	3.1
521477	2059655	220001	QSI	1964	2.2	1.7	1.4	1.2	1	0.8	0.7	1.7	2.3	2.5	2.8	1.7	1.7
521477	2059655	220001	QSI	1965	1.5	1.1	0.9	0.9	6.4	2	1.6	1.4	6.3	3.7	9	5.2	3.3
521477	2059655	220001	QSI	1966	6.1	2.5	2.5	1.9	2.2	2.2	3.3	2.3	3	6.2	5.6	2.5	3.3
521477	2059655	220001	QSI	1967	2.8	1.7	1.5	1.2	1	1	0.9	1	4.3	3.4	1.8	1.5	1.8
521477	2059655	220001	QSI	1968	2	1.2	1	0.8	0.6	1.2	2	0.9	3.7	3.8	6.4	4.1	2.3
521477	2059655	220001	QSI	1969	1.8	1.5	1.2	0.9	4.5	4.7	1.8	2.3	4.7	4.9	12.6	5.7	3.9
521477	2059655	220001	QSI	1970	2.8	2	1.6	1.3	2.3	3.9	1.9	5.4	3	9.4	9.4	4.9	4
521477	2059655	220001	QSI	1971	2.3	3.5	1.9	1.6	2	1.3	2.4	2.1	3.7	3.7	5.3	3.5	2.8
521477	2059655	220001	QSI	1972	2.4	1.7	1.4	1.3	1.6	1.2	1.1	2	3.8	3.4	2.5	3	2.1
521477	2059655	220001	QSI	1973	3.6	1.9	1.5	1.2	1	1.1	1.3	1.9	4.4	6	4.3	2.2	2.5
521477	2059655	220001	QSI	1974	2	2	1.4	1.3	2.4	1.2	1.2	2.5	4.8	6.9	5.5	2.3	2.8
521477	2059655	220001	QSI	1975	1.9	1.5	1.2	1	1	0.8	1.2	1.8	6.1	6	9.4	3.5	3
521477	2059655	220001	QSI	1976	2	1.9	1.5	1.5	1.4	1.8	1.2	2.1	1.9	3.9	1.4	1.6	1.8
521477	2059655	220001	QSI	1977	1.2	1	0.8	2	11.3	2.1	2.3	2.8	2	2.3	5.2	3.5	3
521477	2059655	220001	QSI	1978	1.9	1.6	1.7	3	1.8	3.2	1.6	1.4	2.5	3.6	3	1.9	2.3
521477	2059655	220001	QSI	1979	1.4	1.1	1.6	4.6	12.2	7.3	4.1	10.9	16.8	4.3	4	2.7	5.9
521477	2059655	220001	QSI	1980	2.1	1.8	1.9	1.3	4	2	1.8	1.3	1.2	1.3	1.4	1.8	1.8
521477	2059655	220001	QSI	1981	2.7	1.5	1.6	2	13	3.1	2.6	2.3	3	9.4	3	5.2	4.1
521477	2059655	220001	QSI	1982	2.2	2	1.5	1.2	7.3	1.4	1.9	1.8	4.5	1.5	3	3.4	2.7
521477	2059655	220001	QSI	1983	2.1	1.4	1.2	1.1	5.8	1.4	2.6	2.8	1.6	2.6	1.4	3.7	2.3
521477	2059655	220001	QSI	1984	3.3	3.7	1.6	1.3	1.6	3.5	1.6	1.2	2.4	4	3.7	1.9	2.5
521477	2059655	220001	QSI	1985	1.4	1.2	1.1	1	1.8	1	0.8	1.7	6.3	10.8	3.6	1.8	2.7
521477	2059655	220001	QSI	1986	2	1.4	1.1	6.7	7.1	1.7	1.5	2.5	2.7	1.8	4.1	1.6	2.8
521477	2059655	220001	QSI	1987	1.3	1.1	1.7	2	4.3	10	2.6	1.7	1.9	2.1	10.1	5.4	3.7
521477	2059655	220001	QSI	1988	3.5	4.1	2.3	2.5	1.7	4	3.1	5.2	3.1	2.3	3.3	2.1	3.1
521477	2059655	220001	QSI	1989	1.8	1.9	1.4	1.2	1.1	0.9	1.1	2.7	5.3	1.9	1.3	1.5	1.8
521477	2059655	220001	QSI	1990	1.5	1.3	1.1	0.9	0.7	0.8	1.5	0.8	2.1	13.5	7.1	3.1	2.9
521477	2059655	220001	QSI	1991	1.9	1.5	1.2	1.6	1	0.8	1.1	0.7	1	2.6	3.6	3.4	1.7
521477	2059655	220001	QSI	1992	2.6	1.9	1.4	1.8	15.4	1.7	2.3	1.5	2.3	3.5	6	2.6	3.6
521477	2059655	220001	QSI	1993	3.6	1.8	1.4	12.8	9.7	2.2	1.7	1.6	3.4	1.4	4.4	1.4	3.8
521477	2059655	220001	QSI	1994	1.3	1	2.5	2	1.4	1.1	0.9	0.7	1.5	2.5	1.2	1	1.4
521477	2059655	220001	QSI	1995	0.8	1.9	0.9	0.7	0.6	0.6	2.4	2.4	5.1	2	1.5	1.4	1.7
521477	2059655	220001	QSI	1996	2.9	1.8	2.8	2.2	1.8	1.7	7.2	2.2	13.7	2.8	13.8	2.8	4.6
521477	2059655	220001	QSI	1997	2.5	2.2	1.6	1.3	1.6	1.3	1.4	1.2	0.9	1.2	1.2	0.8	1.4
521477	2059655	220001	QSI	1998	0.8	0.8	1.5	1	0.8	2.8	1	3.5	6.8	6.1	10.7	8	3.7
521477	2059655	220001	QSI	1999	2.7	2.5	1.9	1.5	1.4	3.7	2.3	1.8	1.4	5.6	6.4	3.5	2.9
521477	2059655	220001	QSI	2000	2.9	2.9	1.7	1.4	2.1	1.5	1.2	1	6.4	2.8	5.9	3.8	2.8
521477	2059655	220001	QSI	2001	3.1	2	1.5	1.2	0.9	0.8	1	0.7	1	1.9	2.8	1.8	1.6
521477	2059655	220001	QSI	2002	1.1	0.9	0.7	1.5	0.8	1.5	0.9	1.1	7.4	1.5	1.7	1.2	1.7
521477	2059655	220001	QSI	2003	2.7	1.3	1	2.8	2.5	1.3	1.7	1.2	1.5	6.8	4.6	5.5	2.7
521477	2059655	220001	QSI	2004	2.1	1.7	2.3	1.4	5.3	1.9	1.6	1.4	1.7	2.4	1.8	2.9	2.2
521477	2059655	220001	QSI	2005	2.7	1.4	1.1	1.3	9.6	2.7	4.3	3.3	3.1	13.7	2.9	2.1	4
521477	2059655	220001	QSI	2006	2.1	1.5	1.6	4.1	2.8	2.6	1.6	3	2.2	2.3	4.8	4.9	2.8
521477	2059655	220001	QSI	2007	2	1.8	2.9	2	4.4	2	1.6	3.8	1.5	5.1	6.1	6	3.3
521477	2059655	220001	QSI	2008	5.1	2	1.6	2.4	1.5	3.3	1.4	2	10.9	4.2	5.3	2.5	3.5
521477	2059655	220001	QSI	2009	1.8	2.7	1.6	2.3	8.3	2.2	1.8	4.3	2	3.5	5.4	6.6	3.5
521477	2059655	220001	QSI	2010	2.6	1.8	1.5	2.9	8.3	6.1	3.5	2.3	8.4	8.1	9.2	2.4	4.8
521477	2059655	230001	QSI	1934	1	1	0.7	0.3	1.3	1.2	0.8	2.3	2.3	1.8	5.8	2.5	1.8
521477	2059655	230001	QSI	1935	1.1	0.8	0.5	0.3	2.6	0.9	0.7	3	1.3	4.2	1.5	1	1.5
521477	2059655	230001	QSI	1936	0.5	0.8	0.4	0.3	1.7	0.5	2.4	1.2	3.3	2	3.8	2.1	1.6
521477	2059655	230001	QSI	1937	1.7	0.6	0.4	0.9	4.6	0.7	0.6	1.6	1.8	1	2	1	1.4
521477	2059655	230001	QSI	1938	1.1	0.9	0.4	0.4	0.8	0.4	1.1	1	1.3	2.6	2.3	1.3	1.1
521477	2059655	230001	QSI	1939	0.7	0.5	0.4	0.6	2.1	0.4	1.6	1.7	1	1.8	0.5	1.9	1.1
521477	2059655	230001	QSI	1940	0.9	0.5	0.4	1.3	3	1.6	1.2	0.7	2.7	3.5	2.2	0.6	1.5
521477	2059655	230001	QSI	1941	0.5	0.3	0.3	1.4	1.3	1.4	1	1.3	2.4	1.6	0.6	2.1	1.2
521477	2059655	230001	QSI	1942	0.6	0.4	0.4	0.3	1.7	0.8	1.8	1.2	2.2	1	1.5	0.6	1
521477	2059655	230001	QSI	1943	0.8	0.5	0.6	1	0.6	1.4	1	0.6	0.9	0.4	1.6	0.7	0.8
521477	2059655	230001	QSI	1944	0.4	0.3	0.3	0.3	2.2	2.2	1.1	0.8	1.3	0.6	0.6	0.5	0.9
521477	2059655	230001	QSI	1945	0.3	0.4	0.4	0.2	3.7	1.2	0.6	2.3	2.2	2	2.1	0.5	1.3
521477	2059655	230001	QSI	1946	0.6	0.7	0.5	1.4	2.1	1.2	1.3	1.3	1.8	0.5	1.5	0.6	1.1
521477	2059655	230001	QSI	1947	1	0.7	0.4	1.1	1.4	0.6	1.1	0.5	0.3	2.8	0.4	0.4	0.9
521477	2059655	230001	QSI	1948	1.1	0.6	0.5	0.5	5.5	0.9	1.7	1	1	0.8	1.8	1.5	1.4
521477	2059655	230001	QSI	1949	1.1	0.5	0.6	1.2	2.2	0.8	0.8	0.4	1.8	1.1	0.5	1.5	1
521477	2059655	230001	QSI	1950	1.1	0.9	0.8	1	0.7	1.7	2.4	0.7	0.4	0.9	1.4	1.4	1.1
521477	2059655	230001	QSI	1951	0.5	0.4	0.4	2.1	1.5	0.8	0.6	0.7	1.8	0.5	2.6	3.8	1.3
521477	2059655	230001	QSI	1952	0.7	0.6	0.6	1.4	2.7	1.8	1.8	0.5	1.5	0.7	1.3	0.7	1.2
521477	2059655	230001	QSI	1953	0.8	0.6	0.4	0.6	1.5	0.4	0.4	0.7	0.5	0.8	2.7	0.6	0.8
521477	2059655	230001	QSI	1954	1.2	2.4	0.7	0.5	2.5	1.4	0.7	0.6	0.8	2.9	1.7	0.8	1.4
521477	2059655	230001	QSI	1955	0.5	0.8	0.5	0.4	1.3	0.3	1.4	0.7	0.9	1.8	1.8	1.3	1
521477	2059655	230001	QSI	1956	1.3	1.6	1.9	1.7	2.9	0.7	0.4	0.5	0.3	1.6	1.5	0.9	1.3
521477	2059655	230001	QSI	1957	1	1.2	0.4	0.4	0.3	0.9	0.7	0.3	1	1.2	1.1	1.6	0.9
521477	2059655	230001	QSI	1958	1.6	0.7	0.6	1.6	5.2	2	0.9	0.6	0.8	1.6	1.6	0.9	1.5
521477	2059655	230001	QSI	1959	1.1	0.5	0.4	0.5	0.3	0.4	0.4	0.3	1.4	0.6	1.9	1.2	0.8
521477	2059655	230001	QSI	1960	1.8	0.7	0.9	1.3	1.5	0.6	0.4	0.8	0.6	0.9	2.3	1.5	1.1
521477	2059655	230001	QSI	1961	0.8	0.6	1	0.6	1.3	0.8	0.9	1.2	0.6	3.7	3.4	2.4	1.4
521477	2059655	230001	QSI	1962	1.2	0.7	0.8	1	0.4	1	0.4	0.5	1	1.2	1.8	3	1.1
521477	2059655	230001	QSI	1963	0.7	0.7	0.5	0.8	1	0.4	0.7	1.2	2.2	3.3	1.8	0.8	1.2
521477	2059655	230001	QSI	1964	0.8	0.6	0.5	0.4	0.3	0.2	0.2	0.8	1.1	1.2	1.4	0.8	0.7
521477	2059655	230001	QSI	1965	0.8	0.4	0.3	0.4	2.7	1.1	0.7	0.6	3	1.7	3.5	2.1	1.4
521477	2059655	230001	QSI	1966	2.3	0.8	1	0.6	1.1	1.1	1.5	0.9	1.2	2.5	2.3	0.9	1.4
521477	2059655	230001	QSI	1967	1.2	0.5	0.5	0.3	0.3	0.5	0.4	0.5	2.2	1.5	0.9	0.7	0.8
521477	2059655	230001	QSI	1968	1.1	0.5	0.3	0.2	0.2	0.7	1.2	0.4	1.9	1.7	2.6	1.6	1
521477	2059655	230001	QSI	1969	0.5	0.4	0.3	0.2	1.9	2	0.8	1	2	2	4.7	2.1	1.5
521477	2059655	230001	QSI	1970	0.9	0.5	0.3	0.2	0.9	1.6	0.8	2.3	1.3	3.8	3.3	1.7	1.5
521477	2059655	230001	QSI	1971	0.6	1.4	0.5	0.4	0.8	0.4	1.2	1	1.7	1.5	2.3	1.5	1.1
521477	2059655	230001	QSI	1972	0.9	0.5	0.4	0.5	0.8	0.5	0.5	1	1.8	1.3	1.3	1.1	0.9
521477	2059655	230001	QSI	1973	1.6	0.7	0.4	0.4	0.4	0.5	0.7	1	1.9	2.1	2	0.9	1
521477	2059655	230001	QSI	1974	0.8	0.9	0.4	0.6	1.3	0.4	0.5	1.3	2.2	3.2	2.3	0.8	1.2
521477	2059655	230001	QSI	1975	0.7	0.4	0.3	0.3	0.5	0.3	0.6	0.9	2.7	2.8	3.8	1.2	1.2
521477	2059655	230001	QSI	1976	0.6	0.6	0.5	0.6	0.6	1	0.5	0.9	1	1.7	0.4	0.9	0.8
521477	2059655	230001	QSI	1977	0.6	0.3	0.2	1.2	4.4	1	1.2	1.3	1	1.1	2	1.4	1.3
521477	2059655	230001	QSI	1978	0.6	0.5	0.7	1.5	0.8	1.7	0.7	0.5	1.2	1.5	1.5	0.8	1
521477	2059655	230001	QSI	1979	0.5	0.4	0.9	2.5	4.5	2.5	1.6	3.8	5.6	1.4	1.2	0.8	2.1
521477	2059655	230001	QSI	1980	0.6	0.5	0.7	0.3	1.8	1	0.8	0.4	0.4	0.5	0.9	1	0.7
521477	2059655	230001	QSI	1981	1.5	0.7	0.8	0.9	4.7	1.2	1	0.9	1.2	3.9	1.1	2.1	1.7
521477	2059655	230001	QSI	1982	0.7	0.8	0.4	0.3	2.6	0.4	0.9	0.7	2.1	0.4	1.5	1.5	1
521477	2059655	230001	QSI	1983	1	0.4	0.4	0.3	2.2	0.4	1	1.2	0.6	1.3	0.5	2	0.9
521477	2059655	230001	QSI	1984	1.5	1.6	0.5	0.3	0.6	1.4	0.7	0.4	1.1	1.9	1.7	0.8	1
521477	2059655	230001	QSI	1985	0.4	0.4	0.5	0.5	0.9	0.3	0.4	0.9	3	3.7	1.3	0.5	1.1
521477	2059655	230001	QSI	1986	0.9	0.4	0.4	2.9	3.1	0.5	0.5	1.2	1.2	0.8	2	0.6	1.2
521477	2059655	230001	QSI	1987	0.5	0.4	1.1	0.9	2	4.3	1.2	0.5	0.8	0.8	4.1	2.2	1.6
521477	2059655	230001	QSI	1988	1.3	1.8	0.8	0.9	0.5	1.9	1.4	2.2	1.5	1	1.5	0.8	1.3
521477	2059655	230001	QSI	1989	0.8	0.9	0.5	0.5	0.4	0.3	0.6	1.4	2.3	0.6	0.4	0.8	0.8
521477	2059655	230001	QSI	1990	0.8	0.6	0.6	0.3	0.2	0.4	0.9	0.3	1.1	5.1	2.5	1.2	1.2
521477	2059655	230001	QSI	1991	0.6	0.4	0.3	0.9	0.3	0.2	0.5	0.2	0.6	1.5	1.9	1.6	0.8
521477	2059655	230001	QSI	1992	1	0.9	0.4	0.8	5.4	0.5	0.9	0.5	1.1	1.9	2.4	1	1.4
521477	2059655	230001	QSI	1993	1.5	0.5	0.3	5.3	3.7	0.7	0.6	0.6	1.6	0.4	2	0.4	1.5
521477	2059655	230001	QSI	1994	0.5	0.3	1.2	1.2	0.7	0.4	0.3	0.2	0.9	1.3	0.5	0.5	0.7
521477	2059655	230001	QSI	1995	0.3	1.1	0.3	0.2	0.2	0.4	1.3	1.3	2.2	0.9	0.6	0.6	0.8
521477	2059655	230001	QSI	1996	1.7	0.8	1.2	1.1	0.8	0.8	3.3	0.9	5.1	1	5	0.9	1.9
521477	2059655	230001	QSI	1997	1	0.8	0.4	0.3	0.7	0.6	0.6	0.5	0.3	0.7	0.6	0.3	0.6
521477	2059655	230001	QSI	1998	0.4	0.4	0.8	0.5	0.4	1.6	0.4	1.7	2.9	2.7	4	2.8	1.6
521477	2059655	230001	QSI	1999	0.8	0.9	0.5	0.4	0.3	1.5	1	0.8	0.5	2.4	2.8	1.5	1.1
521477	2059655	230001	QSI	2000	1	1.3	0.5	0.3	0.9	0.7	0.4	0.4	2.9	1.4	2.7	1.4	1.1
521477	2059655	230001	QSI	2001	1.3	0.7	0.4	0.3	0.2	0.3	0.6	0.3	0.5	1.1	1.7	0.8	0.7
521477	2059655	230001	QSI	2002	0.4	0.3	0.3	0.9	0.3	0.8	0.4	0.7	3.3	0.7	0.9	0.5	0.8
521477	2059655	230001	QSI	2003	1.6	0.6	0.4	1.4	1.3	0.5	0.8	0.4	0.8	2.7	1.7	2.3	1.2
521477	2059655	230001	QSI	2004	0.7	0.5	1	0.4	2.2	0.8	0.7	0.6	0.6	1.2	1	1.5	0.9
521477	2059655	230001	QSI	2005	1.2	0.4	0.3	0.6	3.7	1.1	1.7	1.3	1.2	5.1	1	0.7	1.5
521477	2059655	230001	QSI	2006	0.9	0.4	0.6	1.6	1.2	1.1	0.5	1.2	1	1	2.3	2.2	1.2
521477	2059655	230001	QSI	2007	0.7	0.7	1.1	1	1.9	0.8	0.5	1.7	0.4	2	2.5	2.2	1.3
521477	2059655	230001	QSI	2008	1.9	0.5	0.4	0.8	0.4	1.2	0.4	0.8	4.4	1.8	2.3	0.9	1.3
521477	2059655	230001	QSI	2009	0.6	1.3	0.4	0.6	2.9	0.6	0.6	1.7	0.6	1.6	1.9	2.2	1.2
521477	2059655	230001	QSI	2010	0.9	0.4	0.3	1.4	2.8	2.4	1.3	0.8	3.3	2.9	3.2	0.6	1.7
521477	2059655	230001	QSI	2011	0.5	0.4	0.3	0.6	1.3	1.6	1.9	3.1	1.8	1	1.9	1.2	1.3
521477	2059655	240001	QSI	1934	1.3	2.4	1.1	1.7	4	1.2	0.6	0.8	0.7	1.6	1.8	1.3	1.5
521477	2059655	240001	QSI	1935	0.9	0.9	0.6	0.8	2.8	0.6	1.2	0.9	2.1	3.6	0.6	1.5	1.4
521477	2059655	240001	QSI	1936	0.7	1.4	0.6	1.5	6.2	1.1	2.3	1.1	1.6	1.5	1.3	1.7	1.8
521477	2059655	240001	QSI	1937	2.1	0.9	0.6	0.8	4.6	0.7	0.7	0.6	1	1.3	1.5	1.5	1.4
521477	2059655	240001	QSI	1938	1	0.7	1	1	0.5	0.6	0.6	0.4	1.3	1.7	1.6	0.9	0.9
521477	2059655	240001	QSI	1939	0.8	0.5	0.5	0.3	2.2	0.5	0.4	0.6	1.9	1.3	1.5	1.3	1
521477	2059655	240001	QSI	1940	0.7	0.8	0.8	1.3	0.5	0.5	0.4	0.5	1.4	3	1.7	0.7	1
521477	2059655	240001	QSI	1941	0.8	0.5	0.4	0.4	3.1	0.8	0.6	0.8	1.9	2	1.4	1.6	1.2
521477	2059655	240001	QSI	1942	0.7	0.7	0.6	1.2	0.5	0.5	0.7	1.3	1.5	0.6	2	0.9	0.9
521477	2059655	240001	QSI	1943	0.7	0.7	0.9	2	2.3	0.6	0.6	0.6	1.4	3	2	0.7	1.3
521477	2059655	240001	QSI	1944	0.6	0.6	0.5	0.3	2.3	0.6	1.9	1.1	1.5	1.4	2.8	0.7	1.2
521477	2059655	240001	QSI	1945	0.5	0.4	0.5	0.5	1.6	0.6	1.6	2.1	3.5	2.2	2.5	1.2	1.4
521477	2059655	240001	QSI	1946	1	0.9	0.6	0.5	0.4	0.7	0.8	1.1	3	2.1	1.4	0.9	1.1
521477	2059655	240001	QSI	1947	0.9	0.5	0.6	0.4	1.9	0.7	0.5	1	3.2	3	0.7	1.2	1.2
521477	2059655	240001	QSI	1948	0.9	0.6	0.4	0.3	4.4	0.7	0.9	0.5	2	1.8	1.5	0.8	1.2
521477	2059655	240001	QSI	1949	0.5	0.4	0.7	0.3	1.5	0.4	0.8	1.4	2.9	0.9	1	1.6	1
521477	2059655	240001	QSI	1950	0.9	0.6	0.5	0.4	0.4	1.2	0.5	2	2.3	0.9	1.5	0.6	1
521477	2059655	240001	QSI	1951	0.6	0.4	0.3	0.9	4.1	0.8	1.1	1.6	3	1.8	2.9	1.9	1.6
521477	2059655	240001	QSI	1952	0.7	0.5	0.4	3.2	2.9	0.9	2.4	0.9	3.6	1.1	1.1	0.6	1.5
521477	2059655	240001	QSI	1953	0.9	0.4	0.5	0.8	3	1	1.6	1.4	2.2	3.3	3	1.3	1.6
521477	2059655	240001	QSI	1954	0.8	2.4	0.7	1.2	1	1.2	1.5	1.4	1.4	2.5	0.7	0.8	1.3
521477	2059655	240001	QSI	1955	0.5	0.4	0.4	0.9	1.3	1.2	2	1.5	2.7	3.1	1.8	0.7	1.4
521477	2059655	240001	QSI	1956	0.7	1	1.1	1.8	1.1	1.4	1.5	0.8	0.9	1.9	1.3	1.1	1.2
521477	2059655	240001	QSI	1957	0.6	0.6	0.6	0.4	0.9	1.1	0.7	1.3	2.4	1.7	0.6	0.6	1
521477	2059655	240001	QSI	1958	0.6	0.5	0.6	0.5	7	2.2	1.1	0.9	1	0.5	1.9	0.5	1.5
521477	2059655	240001	QSI	1959	0.6	0.5	0.3	1.9	1.6	1	1	1.7	1.9	1.3	1.1	0.6	1.1
521477	2059655	240001	QSI	1960	0.6	1.1	0.8	2.3	4.5	1.8	0.6	1.2	1	1.7	2.1	0.8	1.5
521477	2059655	240001	QSI	1961	0.6	0.6	1.7	0.7	1.1	0.7	1.5	1.8	1	5.2	2.6	1.9	1.6
521477	2059655	240001	QSI	1962	0.8	0.6	0.7	1.1	1	1.5	0.8	0.5	1	3.5	1.8	1.8	1.3
521477	2059655	240001	QSI	1963	0.6	0.9	1.1	0.6	0.7	0.5	0.5	1.9	2.8	2.6	0.9	0.6	1.1
521477	2059655	240001	QSI	1964	0.4	0.3	0.4	0.4	0.3	0.2	0.2	0.3	1.6	1.3	0.8	0.5	0.6
521477	2059655	240001	QSI	1965	0.4	0.3	0.2	0.2	0.9	1.3	1.7	0.8	0.6	0.5	2	1.4	0.9
521477	2059655	240001	QSI	1966	1	0.5	1.6	1.9	0.9	0.7	0.5	1.2	1.9	0.9	0.8	0.7	1
521477	2059655	240001	QSI	1967	0.6	0.8	0.8	0.5	1.1	1.1	0.7	0.5	0.9	0.7	0.6	0.5	0.8
521477	2059655	240001	QSI	1968	0.4	0.5	0.7	0.4	0.8	0.4	0.7	0.7	0.9	1	3.4	1	0.9
521477	2059655	240001	QSI	1969	0.6	0.6	0.6	1.5	6.1	1.9	0.7	0.8	1.3	2.2	3.2	1.1	1.7
521477	2059655	240001	QSI	1970	1	0.9	0.6	0.6	1.9	1.3	1.4	1.1	1	3.1	3	2	1.5
521477	2059655	240001	QSI	1971	0.8	2.7	0.9	2.4	1.4	0.7	0.5	0.6	1	2.9	1.2	0.8	1.3
521477	2059655	240001	QSI	1972	1	1.1	0.8	0.6	0.9	1	0.8	0.6	1.5	1	0.7	1.2	0.9
521477	2059655	240001	QSI	1973	1	0.5	0.4	0.3	0.4	0.4	0.5	0.6	0.8	1.4	0.6	0.5	0.6
521477	2059655	240001	QSI	1974	0.5	0.6	0.3	0.4	1.1	0.5	0.3	0.6	2.9	1.4	3.2	0.6	1
521477	2059655	240001	QSI	1975	0.5	0.4	0.3	0.2	0.2	0.2	0.3	1.6	2.6	1.3	1.3	1.4	0.9
521477	2059655	240001	QSI	1976	0.6	1.1	0.5	0.5	0.4	0.4	0.3	1.1	0.6	1.3	0.6	0.4	0.6
521477	2059655	240001	QSI	1977	0.5	0.3	0.2	2.8	9.3	1.3	0.6	0.9	0.5	0.5	0.7	1.8	1.6
521477	2059655	240001	QSI	1978	0.5	0.5	0.5	0.7	0.4	0.4	0.3	0.3	0.7	3.1	0.6	0.6	0.7
521477	2059655	240001	QSI	1979	0.4	0.3	1.4	0.6	4.3	1.5	1.8	4.8	5.2	1.1	0.9	0.8	1.9
521477	2059655	240001	QSI	1980	0.7	0.5	1.1	1.7	1.9	0.6	0.8	0.7	0.6	0.7	0.4	0.4	0.8
521477	2059655	240001	QSI	1981	1.3	0.6	0.5	1	5.9	1.1	2.2	2.5	1.7	3.1	0.9	1.4	1.9
521477	2059655	240001	QSI	1982	0.7	1	0.6	0.5	4.8	0.7	0.6	0.6	1.1	0.5	1.7	1.7	1.2
521477	2059655	240001	QSI	1983	0.5	0.4	1	3.8	3.4	0.9	3.6	1.1	0.7	1	0.6	0.8	1.5
521477	2059655	240001	QSI	1984	0.8	5.1	0.9	1.9	7.4	2.2	1.1	0.7	1.3	1.1	1.1	0.8	2
521477	2059655	240001	QSI	1985	0.5	0.5	0.4	0.4	0.9	0.4	0.3	1.1	1.5	4.8	1.6	0.6	1.1
521477	2059655	240001	QSI	1986	0.9	0.4	0.4	3.1	4	0.6	0.9	1	1.7	0.6	1.8	0.6	1.3
521477	2059655	240001	QSI	1987	0.7	0.5	0.4	1.6	1.5	3.3	0.8	0.5	1	2.1	5.4	1.9	1.6
521477	2059655	240001	QSI	1988	1	0.6	0.7	1	0.5	1.5	1.6	2.9	1.6	1.1	1.1	0.8	1.2
521477	2059655	240001	QSI	1989	0.6	0.9	0.7	0.5	0.4	0.3	0.5	1	1.5	0.9	0.7	0.6	0.7
521477	2059655	240001	QSI	1990	0.7	0.6	0.4	0.3	0.2	0.2	0.4	0.4	1.8	5.3	2	0.8	1.1
521477	2059655	240001	QSI	1991	0.7	0.5	0.4	1	0.4	0.3	0.8	0.3	0.9	0.8	0.8	1	0.7
521477	2059655	240001	QSI	1992	0.9	0.6	0.6	1.3	6.8	0.6	2	1	3.8	1.3	1.2	1.4	1.8
521477	2059655	240001	QSI	1993	1.9	0.6	1	2.8	3.9	0.8	0.7	0.6	1.2	0.5	2.4	0.6	1.4
521477	2059655	240001	QSI	1994	0.6	0.5	1.2	0.8	0.5	0.4	0.3	0.3	1.2	3	0.6	0.5	0.8
521477	2059655	240001	QSI	1995	0.4	0.5	0.3	0.2	0.7	1	1.3	0.8	3.2	0.7	0.6	0.8	0.9
521477	2059655	240001	QSI	1996	0.7	0.5	1.8	1.4	0.5	0.4	1.9	2	6.4	0.9	4.1	0.8	1.8
521477	2059655	240001	QSI	1997	0.6	0.8	0.5	0.3	0.4	0.3	1.3	1.1	0.7	0.5	1.2	0.4	0.7
521477	2059655	240001	QSI	1998	0.6	0.5	1.1	0.9	0.7	1	0.5	1.4	3.6	1.4	3.5	2.9	1.5
521477	2059655	240001	QSI	1999	0.7	0.6	0.6	0.4	2.6	2.8	1.3	0.6	1.5	1.9	1.6	1.1	1.3
521477	2059655	240001	QSI	2000	0.8	1.5	0.6	1.1	1.9	1.2	0.6	0.8	1.9	0.8	1	1.2	1.1
521477	2059655	240001	QSI	2001	0.7	0.6	0.7	1.1	0.6	0.5	0.4	0.4	1.1	0.6	0.7	0.7	0.7
521477	2059655	240001	QSI	2002	0.4	0.4	0.6	1.1	0.9	1.4	0.6	0.4	2.5	0.5	0.6	0.5	0.8
521477	2059655	240001	QSI	2003	0.6	0.6	0.8	1.4	1.3	0.5	1.2	0.9	0.4	2.7	2.2	1.2	1.1
521477	2059655	240001	QSI	2004	0.7	0.6	1.3	1.4	4.8	1	0.6	0.5	0.6	1.2	0.9	1	1.2
521477	2059655	240001	QSI	2005	1.2	0.5	0.4	0.9	4.1	0.6	2.9	1.2	1.4	4.8	0.7	0.9	1.6
521477	2059655	240001	QSI	2006	0.8	0.8	0.9	3.1	1.9	1	0.6	1.1	1.2	1.5	1.6	1.2	1.3
521477	2059655	240001	QSI	2007	0.8	1	1.5	0.9	0.9	0.9	0.7	0.9	0.6	2.4	1.9	2.1	1.2
521477	2059655	240001	QSI	2008	1.5	0.6	0.6	2.2	0.7	0.9	0.5	0.6	3.9	1.5	0.7	1	1.2
521477	2059655	240001	QSI	2009	0.9	1.6	0.8	1.1	5.2	1.1	0.6	2	2.2	1.1	3	2.5	1.8
521477	2059655	240001	QSI	2010	0.9	0.8	0.8	1.2	1.9	1.6	0.9	0.8	2.3	1.5	3.2	0.7	1.4
521477	2059655	240001	QSI	2011	0.6	1.2	0.5	0.4	3.6	0.7	1.4	2.8	1.6	1.7	1.9	1.5	1.5
521477	2059655	260001	QSI	1931	3.7	1.5	2.3	3.2	4.9	4.4	4.7	3.2	13.3	13.4	15.3	3.6	6.1
521477	2059655	260001	QSI	1932	2.5	1	2	2.9	9.6	5.8	1.9	5.9	17.2	12.3	12.9	5.1	6.6
521477	2059655	260001	QSI	1933	3.3	1.3	1.7	1.2	1.8	8.4	4.4	2.8	12.3	15.2	4.5	4.4	5.1
521477	2059655	260001	QSI	1934	4.2	3.3	4.5	1.1	4.7	2	2.2	6.4	11.1	10.6	5.5	7	5.2
521477	2059655	260001	QSI	1935	3.3	1.3	0.8	0.5	9.9	3.7	2.1	8.1	7	17.6	3.3	1.7	4.9
521477	2059655	260001	QSI	1936	0.9	1.7	0.6	0.4	16	3.8	14	9.1	10	4.7	7.7	9.4	6.5
521477	2059655	260001	QSI	1937	7.8	1.3	0.7	0.9	27.6	0.9	1.1	6.6	5.3	6.7	9.4	1.9	5.8
521477	2059655	260001	QSI	1938	2.1	1	1	0.5	0.4	2	2.9	5.1	6.8	7.4	10.1	1.4	3.4
521477	2059655	260001	QSI	1939	0.8	0.5	0.4	2.3	9.1	1	2.8	5.1	12.9	7.3	4	2.8	4.1
521477	2059655	260001	QSI	1940	1.4	0.8	0.6	2	11.4	3.7	2	3.3	6.3	21.1	4.7	2.1	4.9
521477	2059655	260001	QSI	1941	1.5	0.8	0.5	7.4	5.1	10.6	4.2	4.3	11.8	4.1	3.5	4.8	4.9
521477	2059655	260001	QSI	1942	1.1	0.6	1.2	2.9	11.3	6.9	4.1	3.6	7.9	3.3	5.5	1.1	4.1
521477	2059655	260001	QSI	1943	0.9	1	9.5	2.6	9.4	5.4	1.7	3	8.8	4.4	3.2	1	4.2
521477	2059655	260001	QSI	1944	0.6	0.3	0.3	0.5	19.1	12.9	6.8	3.7	13.6	4	4.2	1.3	5.6
521477	2059655	260001	QSI	1945	0.8	0.6	1	0.5	21.6	4.3	7.2	11.5	6.3	5.9	10.5	1.4	6
521477	2059655	260001	QSI	1946	1.1	1.4	6	1.8	8.7	3.4	3.1	9.5	11.8	8.5	4.1	1.2	5.1
521477	2059655	260001	QSI	1947	1.7	1.4	0.7	2.2	14.4	2.5	2	1.7	8.9	8.5	1.1	0.9	3.8
521477	2059655	260001	QSI	1948	0.6	0.4	0.7	0.5	24.5	0.9	3.5	1.2	1.8	1	3	0.8	3.3
521477	2059655	260001	QSI	1949	0.5	0.3	2.9	1.2	10.6	1.1	1.1	2.1	9.2	1.1	0.6	3.4	2.8
521477	2059655	260001	QSI	1950	3.3	1.6	3.1	1.8	1.2	3.6	2	8.2	2.5	2.5	1.5	3.1	2.9
521477	2059655	260001	QSI	1951	1.4	0.7	1	8.5	16.4	5.7	1.6	5.6	8.7	1.1	6.5	3.3	5
521477	2059655	260001	QSI	1952	0.9	0.6	3	23.3	12.9	5.2	4.3	1.1	11.8	1.6	1.9	1.1	5.6
521477	2059655	260001	QSI	1953	3.1	1	4	1.5	24.9	2.6	2.9	4.9	5.9	9.9	15	6.1	6.8
521477	2059655	260001	QSI	1954	3.7	9.4	4.2	5.3	7	12.1	2.6	1.5	1.2	11	5.1	3.3	5.5
521477	2059655	260001	QSI	1955	1.4	2.2	2	2	8.8	3.3	9.1	7.6	6.5	11.1	3.3	2	4.9
521477	2059655	260001	QSI	1956	1.7	4.7	3.4	6.3	9.8	5.3	1.4	2.5	2.9	16.4	3.4	1.8	5
521477	2059655	260001	QSI	1957	2	2.3	0.8	2	0.6	8	2	1.6	2.7	10.2	2.2	5.1	3.3
521477	2059655	260001	QSI	1958	3.6	1.4	2.9	2.9	26.4	8.6	3	3.1	6.5	4.2	3.6	1.9	5.7
521477	2059655	260001	QSI	1959	3.8	1.2	1.2	5.4	1.5	1.9	7	3.8	8.9	7	13.1	2.3	4.8
521477	2059655	260001	QSI	1960	5.4	4.8	9	15	12.2	9.9	5.4	9.6	4.9	4.6	9	4.9	7.9
521477	2059655	260001	QSI	1961	2.9	3.9	13	1.3	3	3.4	3.3	7.9	2.8	19.5	6.5	8.8	6.3
521477	2059655	260001	QSI	1962	1.8	1.1	3.7	7.4	1.4	9.2	2.3	8.7	5.8	2.7	10.4	11.6	5.5
521477	2059655	260001	QSI	1963	1.7	1.2	3.8	7.4	9.2	2	2.7	6	10.3	21.1	11.5	5.1	6.8
521477	2059655	260001	QSI	1964	2.4	1.3	1.3	3.9	3.6	2.8	4.7	8.6	8.8	7.7	5.8	2.2	4.4
521477	2059655	260001	QSI	1965	1.2	0.7	0.4	1.3	14.5	1.3	3.5	1.9	5.5	4.8	13.1	1.8	4.2
521477	2059655	260001	QSI	1966	4.7	1	1.1	2.5	0.7	0.8	5.2	5.6	11.7	14.9	4.3	1.6	4.5
521477	2059655	260001	QSI	1967	1.9	0.8	1.9	0.6	0.3	2.7	1.2	2.1	4.4	10.9	1.2	0.7	2.4
521477	2059655	260001	QSI	1968	1.9	0.7	0.4	0.2	1.3	5.4	1.3	4.1	5.6	11.7	10.2	3.5	3.8
521477	2059655	260001	QSI	1969	1.1	0.6	0.5	1.6	10.7	11.5	1.8	6.1	12.7	9.5	10.8	3.7	5.9
521477	2059655	260001	QSI	1970	2.7	2.1	0.9	0.5	7	11.5	2.8	9.4	7	11.7	13	4.6	6.1
521477	2059655	260001	QSI	1971	1.2	4.2	2.9	6.2	4.4	1.5	3.3	3.5	8.4	11.3	5.7	2.4	4.6
521477	2059655	260001	QSI	1972	1.7	0.8	3.7	1.4	1.7	4.3	0.9	3.6	5.4	16.8	1.2	13.1	4.6
521477	2059655	260001	QSI	1973	5	1.8	3.3	0.9	0.7	2.4	3.5	3.8	13.1	23	1.8	1.1	5
521477	2059655	260001	QSI	1974	1.5	5	2.7	1.6	1.3	1.2	1.3	4.1	12.2	2.2	3.7	1.1	3.2
521477	2059655	260001	QSI	1975	0.7	0.4	1.3	0.5	2	0.5	4.8	3.2	10.6	2.8	5.9	4.8	3.1
521477	2059655	260001	QSI	1976	1.1	5.1	0.9	5.5	1	1	0.7	10.6	3.5	12.8	1.2	1.8	3.8
521477	2059655	260001	QSI	1977	0.9	0.5	0.3	0.2	8.4	0.7	1.2	4	1.1	3.7	20.5	8.6	4.2
521477	2059655	260001	QSI	1978	3.8	4.4	6.5	4.9	6.5	1.6	1	5.3	6.4	13.9	1.7	1.5	4.8
521477	2059655	260001	QSI	1979	1	0.6	1.2	0.7	18.9	20.6	6.8	27	27.3	7	11.4	3.8	10.5
521477	2059655	260001	QSI	1980	1.9	2	3.8	3.2	8.7	1.3	2.9	5.7	6.9	8.8	1.3	3.8	4.2
521477	2059655	260001	QSI	1981	2.2	0.9	3.6	9.4	22.9	7.4	7.7	5.6	10.2	10.1	3	5.2	7.4
521477	2059655	260001	QSI	1982	1.2	1.1	1.2	0.7	20	3.8	2.9	7.3	5.7	3	3.1	5.1	4.6
521477	2059655	260001	QSI	1983	1.7	0.8	0.5	12.1	16.2	2.2	10	11.2	2.8	5.8	2.5	1.7	5.6
521477	2059655	260001	QSI	1984	3.7	2	0.9	0.9	2.2	12.5	1.6	1.2	7.5	7	4.8	1.7	3.8
521477	2059655	260001	QSI	1985	0.9	0.8	0.9	0.8	5.9	4.1	1	7.1	6	24.7	5.3	1.2	4.9
521477	2059655	260001	QSI	1986	2.2	0.8	0.5	7.2	5.3	1.9	2.3	3.7	7	3.6	3.8	1.1	3.3
521477	2059655	260001	QSI	1987	0.7	1.6	0.6	10.3	6.4	6.5	1.1	0.7	3.3	8.8	8.7	1.4	4.2
521477	2059655	260001	QSI	1988	3.7	0.9	2.6	9.6	1.2	4.9	3.2	5.9	2.1	2.5	8.3	1.9	3.9
521477	2059655	260001	QSI	1989	0.9	2.8	3.3	1.5	5.2	2	1	6.6	12.3	13.4	1.2	0.7	4.3
521477	2059655	260001	QSI	1990	2.1	1.1	1.4	0.8	0.7	1.3	1.1	2.1	8.5	20.1	12.7	1.3	4.4
521477	2059655	260001	QSI	1991	0.8	1.1	0.5	0.4	2	1.3	5.4	6.1	1	3.8	3.7	2	2.3
521477	2059655	260001	QSI	1992	6.8	1.1	2.3	6.2	23.9	1.6	4.7	4.7	4	1.4	11.2	3.1	5.9
521477	2059655	260001	QSI	1993	3.2	1.1	3.3	4.5	8	1.1	0.8	2.2	3.2	2.8	6.5	1.3	3.2
521477	2059655	260001	QSI	1994	1	0.8	6.5	1.3	1.3	0.6	0.9	2.6	2.7	4.7	3.5	1.9	2.3
521477	2059655	260001	QSI	1995	2.6	2.7	5.1	1	10.5	1.7	4.6	2.3	10.9	5.1	1.3	1.1	4.1
521477	2059655	260001	QSI	1996	0.7	5.4	10.6	2.6	3.7	1.5	4.4	5.6	16	4.7	14.6	2	6
521477	2059655	260001	QSI	1997	1	1.3	0.6	0.3	3.6	1.7	2.4	3.9	4.1	3.2	6.1	1.7	2.5
521477	2059655	260001	QSI	1998	1.6	2	8	1.3	4.3	2.2	1.1	6.6	9.4	3.3	8.7	3.9	4.4
521477	2059655	260001	QSI	1999	1.2	2.4	5.9	1.3	10.8	9.4	3.4	1.6	2.4	11.1	3.7	1	4.5
521477	2059655	260001	QSI	2000	6.3	1	0.6	0.5	5.1	1.5	0.7	3.6	8.6	2.1	3.9	6.9	3.4
521477	2059655	260001	QSI	2001	2.4	1	0.8	2.6	1.4	0.6	0.6	0.3	5.2	4	1.2	4.3	2
521477	2059655	260001	QSI	2002	1.1	0.7	0.7	2	1.5	5	1.9	1.2	8.5	1.1	1.1	0.8	2.1
521477	2059655	260001	QSI	2003	0.6	0.4	0.7	7.2	1.8	0.9	5.4	8.1	1.2	17.8	11.4	3.4	4.9
521477	2059655	260001	QSI	2004	1.2	0.7	7.1	2.5	9	2.8	1.3	1.9	12.9	6.2	1.2	4.7	4.3
521477	2059655	260001	QSI	2005	5.9	1	0.6	2.5	15.4	8.7	12.3	10.4	11.6	18.5	3.9	1.7	7.7
521477	2059655	260001	QSI	2006	1.1	0.9	3	15.6	5.7	5.8	4.3	12.4	4.9	6.5	5.9	3.3	5.8
521477	2059655	260001	QSI	2007	1.4	1	11.1	0.9	11.5	4	4.7	6.9	4.1	17.9	10.2	7.9	6.8
521477	2059655	260001	QSI	2008	4	1.2	0.6	10.4	5.8	18.1	1.3	7.9	12.8	3.1	3	2.3	5.9
521477	2059655	260001	QSI	2009	1.2	4	6.5	26.8	22.7	13.9	3	11.6	14.2	4.4	21.5	16.9	12.2
521477	2059655	260001	QSI	2010	2.2	1	0.6	3	25.5	10.8	8.1	5.5	12.6	14.6	11.7	1.4	8.1
521477	2059655	261001	QSI	1931	0.5	0.4	1.6	3.4	1.8	2.9	0.9	1.5	4.3	2.3	3.7	1.6	2.1
521477	2059655	261001	QSI	1932	1.1	0.9	1.1	2	6.3	2.5	1.2	1.1	2.7	1.3	4.8	1.7	2.2
521477	2059655	261001	QSI	1933	1	0.9	1.7	0.9	3.6	1.2	1.5	1.5	2.3	3.7	2.5	1.5	1.9
521477	2059655	261001	QSI	1934	1.5	2.8	1.4	1.7	5.1	1.4	1	1.1	1.1	2.3	1.5	1.5	1.9
521477	2059655	261001	QSI	1935	1	0.9	0.7	0.7	4	0.8	1.3	1.1	2.8	5.8	1	1.3	1.8
521477	2059655	261001	QSI	1936	0.8	1.4	0.7	1.4	10.4	1.4	3.8	1.8	2.3	1.6	1.5	2.4	2.5
521477	2059655	261001	QSI	1937	2.9	1.1	0.9	0.9	9	0.9	0.8	0.8	1.2	1.6	1.8	1.4	1.9
521477	2059655	261001	QSI	1938	1	0.8	1	0.9	0.6	0.6	0.6	0.5	1.5	1.9	2.2	0.9	1
521477	2059655	261001	QSI	1939	0.7	0.6	0.5	0.4	3.3	0.6	0.5	0.7	3.2	1.5	1.9	1.2	1.2
521477	2059655	261001	QSI	1940	0.8	0.7	0.7	1.2	0.7	0.6	0.5	0.5	1.4	5.1	1.8	0.9	1.2
521477	2059655	261001	QSI	1941	0.9	0.6	0.5	0.6	4	1.4	0.9	0.9	2.8	2	1.6	1.8	1.5
521477	2059655	261001	QSI	1942	0.9	0.7	0.7	1.5	0.7	0.8	0.9	1.4	1.9	0.8	2.2	0.8	1.1
521477	2059655	261001	QSI	1943	0.7	0.7	1.6	2.3	3.5	0.9	0.8	0.8	1.9	4.1	2.1	0.9	1.7
521477	2059655	261001	QSI	1944	0.7	0.6	0.5	0.4	4.3	1.2	2.5	1.4	2.6	1.7	3.3	1	1.7
521477	2059655	261001	QSI	1945	0.8	0.6	0.6	0.5	3	0.8	2.3	3.3	4.5	2.7	3.6	1.4	2
521477	2059655	261001	QSI	1946	1.2	1	1	0.7	0.6	0.8	0.8	1.9	4.4	3	1.5	1	1.5
521477	2059655	261001	QSI	1947	0.9	0.7	0.6	0.5	3.3	0.8	0.6	1	5.1	3.9	0.9	1.1	1.6
521477	2059655	261001	QSI	1948	0.8	0.6	0.5	0.4	7.8	0.7	1	0.6	2.2	1.7	1.5	0.8	1.5
521477	2059655	261001	QSI	1949	0.6	0.5	0.8	0.4	2.1	0.6	0.7	1.5	4	0.9	0.9	1.6	1.2
521477	2059655	261001	QSI	1950	0.9	0.7	0.6	0.5	0.4	1.2	0.5	2.8	2.8	0.9	1.2	0.7	1.1
521477	2059655	261001	QSI	1951	0.6	0.5	0.4	1.3	7.2	1	1.2	2.2	4.1	1.6	3.4	1.8	2.1
521477	2059655	261001	QSI	1952	1	0.8	0.7	6.2	4.6	1.2	2.8	1	5.5	1.2	1.1	0.8	2.3
521477	2059655	261001	QSI	1953	1	0.6	0.7	0.8	6.5	1.3	1.9	2	3	4.9	4.6	1.9	2.4
521477	2059655	261001	QSI	1954	1.2	3.2	1.1	1.7	1.3	2.1	1.8	1.4	1.4	3.3	1	1	1.7
521477	2059655	261001	QSI	1955	0.7	0.6	0.6	1	1.9	1.5	2.8	2.1	3.7	4.7	1.9	1.1	1.9
521477	2059655	261001	QSI	1956	0.9	1.1	1.1	2.1	1.5	1.8	1.6	1.1	1.2	3.3	1.4	1.1	1.5
521477	2059655	261001	QSI	1957	0.8	0.7	0.6	0.5	0.7	1.4	0.8	1.4	2.7	2.4	0.9	0.8	1.1
521477	2059655	261001	QSI	1958	0.7	0.6	0.7	0.5	12.6	3	1.4	1.1	1.5	0.8	2.1	0.7	2.1
521477	2059655	261001	QSI	1959	0.8	0.6	0.5	2.6	1.8	1.1	1.5	2.2	2.6	1.9	1.9	0.9	1.5
521477	2059655	261001	QSI	1960	0.9	1.4	1.4	4.3	7.2	2.9	1.1	2.2	1.4	2.2	2.9	1.2	2.4
521477	2059655	261001	QSI	1961	0.9	0.9	3.1	0.9	1.2	0.9	1.8	2.6	1.2	8.7	3.3	2.7	2.3
521477	2059655	261001	QSI	1962	1.1	0.9	0.9	1.6	1.1	2.4	1	0.9	1.5	4.2	2.8	2.6	1.8
521477	2059655	261001	QSI	1963	1	1	1.4	0.9	1.2	0.8	0.8	2.6	3.9	5.2	1.8	1	1.8
521477	2059655	261001	QSI	1964	0.8	0.6	0.6	0.6	0.5	0.4	0.3	0.7	2.2	1.9	1	0.7	0.9
521477	2059655	261001	QSI	1965	0.6	0.4	0.3	0.3	1.6	1	1.9	0.9	0.7	0.6	2.7	1.1	1
521477	2059655	261001	QSI	1966	1	0.7	1.5	2	0.8	0.7	0.6	1.6	3	1.6	0.9	0.8	1.3
521477	2059655	261001	QSI	1967	0.7	0.7	0.9	0.6	0.8	1.1	0.7	0.6	0.8	1	0.6	0.5	0.8
521477	2059655	261001	QSI	1968	0.4	0.4	0.5	0.3	0.6	0.4	0.5	0.8	0.9	1.5	4.4	1.1	1
521477	2059655	261001	QSI	1969	0.8	0.7	0.6	1.6	9.2	2.6	0.9	1.2	2.1	3	4.1	1.3	2.3
521477	2059655	261001	QSI	1970	1.2	1.1	0.8	0.7	2.5	1.9	1.5	1.7	1.4	4.1	4.1	2.4	2
521477	2059655	261001	QSI	1971	1.1	3.3	1.3	3.4	1.9	1	0.8	0.8	1.4	4.4	1.4	0.9	1.8
521477	2059655	261001	QSI	1972	1	0.9	1	0.7	0.9	1.4	0.8	0.7	1.7	2.3	0.8	2.4	1.2
521477	2059655	261001	QSI	1973	1.2	0.8	0.7	0.5	0.5	0.5	0.7	0.7	1.5	3.5	0.8	0.6	1
521477	2059655	261001	QSI	1974	0.6	0.8	0.5	0.5	0.9	0.6	0.4	0.7	4	0.9	3.3	0.8	1.2
521477	2059655	261001	QSI	1975	0.6	0.5	0.4	0.3	0.3	0.2	0.5	1.9	3.6	1.1	1.1	1.5	1
521477	2059655	261001	QSI	1976	0.7	1.4	0.6	0.7	0.5	0.4	0.4	1.8	0.6	2.2	0.7	0.5	0.9
521477	2059655	261001	QSI	1977	0.5	0.4	0.3	2.5	14.1	1.2	0.8	0.9	0.6	0.6	2.1	2.4	2.2
521477	2059655	261001	QSI	1978	0.8	0.8	0.8	0.8	0.6	0.5	0.4	0.6	0.9	4.8	0.7	0.6	1
521477	2059655	261001	QSI	1979	0.5	0.4	1.3	0.5	6.9	3.3	2.1	9.2	9.3	1.6	1.6	1.2	3.2
521477	2059655	261001	QSI	1980	1	0.8	1.4	2.1	2.5	0.9	1	1.1	0.9	1.3	0.7	0.6	1.2
521477	2059655	261001	QSI	1981	1.2	0.6	0.7	1.7	10.3	1.5	3.2	3.3	2.7	3.9	1.3	1.6	2.7
521477	2059655	261001	QSI	1982	0.9	1	0.8	0.6	8.7	1	0.8	1	1.3	0.7	1.7	1.9	1.7
521477	2059655	261001	QSI	1983	0.7	0.6	0.9	6.7	5.7	1.2	5.7	1.9	1	1.3	0.9	0.8	2.3
521477	2059655	261001	QSI	1984	0.9	6.4	1	2.1	10.5	3.5	1.3	1	1.8	1.5	1.3	0.9	2.7
521477	2059655	261001	QSI	1985	0.7	0.6	0.5	0.4	1	0.5	0.4	1.5	1.3	8.9	2.2	0.9	1.6
521477	2059655	261001	QSI	1986	1	0.7	0.5	3.9	4.4	0.8	1.1	1.1	2.3	0.8	1.7	0.8	1.6
521477	2059655	261001	QSI	1987	0.7	0.6	0.5	2.4	1.7	3.5	0.9	0.7	1	3.1	7.3	1.7	2
521477	2059655	261001	QSI	1988	1.2	0.9	0.9	1.7	0.7	1.6	1.6	3.7	1.6	1.2	1.5	0.9	1.5
521477	2059655	261001	QSI	1989	0.7	0.9	0.8	0.6	0.5	0.4	0.4	1.2	2.2	1.9	0.8	0.6	0.9
521477	2059655	261001	QSI	1990	0.7	0.5	0.4	0.3	0.3	0.2	0.3	0.4	2.5	8.3	3.4	0.9	1.5
521477	2059655	261001	QSI	1991	0.8	0.6	0.5	0.7	0.4	0.4	1	0.5	0.7	0.8	0.7	0.8	0.6
521477	2059655	261001	QSI	1992	1.1	0.6	0.6	1.6	11.6	0.9	2.6	1.5	4.7	1.2	1.9	1.6	2.5
521477	2059655	261001	QSI	1993	2.1	0.9	1.4	2.4	4.9	1	0.8	0.8	1.2	0.7	2.9	0.7	1.7
521477	2059655	261001	QSI	1994	0.6	0.5	1.5	0.7	0.5	0.4	0.4	0.3	1.1	3.7	0.7	0.6	0.9
521477	2059655	261001	QSI	1995	0.5	0.5	0.4	0.3	1.5	0.9	1.4	0.8	4.7	1	0.7	0.8	1.1
521477	2059655	261001	QSI	1996	0.6	0.6	2.8	1.3	0.7	0.6	1.8	2.7	10	1.3	5.8	1.1	2.4
521477	2059655	261001	QSI	1997	0.9	0.8	0.6	0.5	0.5	0.4	1.5	1.4	1	0.7	1.5	0.6	0.9
521477	2059655	261001	QSI	1998	0.6	0.5	1.6	0.8	0.9	0.9	0.6	1.7	4.8	1.2	4.5	3.1	1.8
521477	2059655	261001	QSI	1999	1	0.8	0.9	0.6	4.6	4.2	1.6	0.9	1.7	2.7	1.5	1	1.8
521477	2059655	261001	QSI	2000	1.1	1.3	0.7	1.1	2.5	1.1	0.7	1.1	2.4	0.8	1	1.5	1.3
521477	2059655	261001	QSI	2001	0.8	0.6	0.6	1.1	0.6	0.5	0.4	0.4	1.3	0.6	0.5	0.7	0.7
521477	2059655	261001	QSI	2002	0.4	0.4	0.5	1.1	0.8	1.6	0.7	0.6	3	0.6	0.6	0.5	0.9
521477	2059655	261001	QSI	2003	0.4	0.4	0.6	1.7	1.2	0.6	1.5	1.5	0.7	4.8	3.3	1.3	1.5
521477	2059655	261001	QSI	2004	0.9	0.7	1.9	1.7	6.7	1.3	0.9	0.7	1.4	1.5	0.8	1.1	1.6
521477	2059655	261001	QSI	2005	1.5	0.7	0.6	0.9	6.5	1	4.8	2	2.5	7.6	1.2	1.1	2.5
521477	2059655	261001	QSI	2006	0.9	0.9	1.1	5.2	2.4	1.4	0.9	2.1	1.5	1.9	1.7	1.2	1.8
521477	2059655	261001	QSI	2007	0.9	0.9	2.5	0.8	1.4	1.2	1	1.1	0.9	4.4	2.6	2.8	1.7
521477	2059655	261001	QSI	2008	1.7	0.9	0.8	3.5	1.2	2.1	0.8	1.1	5.2	1.5	0.9	1.1	1.8
521477	2059655	261001	QSI	2009	0.9	1.7	1.3	3.8	9.8	2.5	1.1	3.5	4.2	1.5	6.2	4.9	3.4
521477	2059655	261001	QSI	2010	1.3	1.1	1	1.3	4.6	2.4	1.4	1.2	3.5	2.5	4.7	1.1	2.2
521477	2059655	261001	QSI	2011	0.9	1.3	0.7	0.6	5.6	0.8	1.6	3.2	2.5	1.8	2.3	1.4	1.9
521477	2059655	300002	QSI	1931	6.3	4.7	4.6	32.4	50.2	25.9	18.1	9.4	68.7	36	37.2	11.6	25.4
521477	2059655	300002	QSI	1932	7.8	5.8	4.6	4.9	55.6	28.2	6.4	34.4	75.8	22.8	26.5	15.2	24
521477	2059655	300002	QSI	1933	6.6	5.3	6.7	4.4	7.3	13.4	6.3	13	38.6	20	26.4	10.5	13.2
521477	2059655	300002	QSI	1934	9.1	8.3	5.5	4.7	29.9	9.3	6.7	14.2	37.7	38	9.8	14.6	15.6
521477	2059655	300002	QSI	1935	5.8	7.3	4.4	3.5	35.7	11.4	8	26.9	24.5	53.1	11.8	12.3	17.1
521477	2059655	300002	QSI	1936	5.9	4.7	3.7	6.5	55.4	17.6	36.3	19.6	23.2	17.6	13.1	22.8	18.9
521477	2059655	300002	QSI	1937	18	6.7	5.3	4.5	99.2	6.2	11	12.6	19.8	29.9	36.2	14.6	22
521477	2059655	300002	QSI	1938	6.3	5	4.7	3.5	3.3	5	4.5	3.7	12.6	14	13.1	5.1	6.7
521477	2059655	300002	QSI	1939	3.9	3.2	2.5	2.2	6.9	8.8	4.2	24	53.3	22	18.7	10.9	13.4
521477	2059655	300002	QSI	1940	6	4.7	3.7	4.9	43	5.9	4.3	9.5	18.3	91.7	21.6	6.1	18.3
521477	2059655	300002	QSI	1941	4.9	3.8	3	7.8	18.5	40.7	19.6	42.2	32.5	29.1	22.3	7.1	19.3
521477	2059655	300002	QSI	1942	5.6	4.7	3.8	8.2	33.8	23.4	7	12	18.8	10.4	21.6	5.9	12.9
521477	2059655	300002	QSI	1943	4.7	4.1	14.2	3.9	25.2	15	4.6	10.7	33.1	22.7	6.1	4.7	12.4
521477	2059655	300002	QSI	1944	3.7	2.9	2.3	2.5	47.7	44.6	21	8.2	41.3	18.2	28.1	7.3	19
521477	2059655	300002	QSI	1945	5.4	4.3	3.4	2.8	85.3	3.8	38.1	17.4	22	12.3	18.7	8.8	18.5
521477	2059655	300002	QSI	1946	5.3	4.4	12.4	4.7	22.6	5.1	3.9	11	38.8	54.9	24	6.2	16.1
521477	2059655	300002	QSI	1947	6.7	5.2	4	3.2	58.4	9.6	4.7	3.6	34.1	13.9	4.5	3.7	12.6
521477	2059655	300002	QSI	1948	3	2.9	2.2	1.7	80.1	3.1	3.4	2.4	2	4.4	4.3	2.4	9.3
521477	2059655	300002	QSI	1949	1.9	1.5	1.8	1.3	33.6	3	2.4	8.2	24	4.2	4	9.8	8
521477	2059655	300002	QSI	1950	3.6	5.6	3.3	2.7	2.2	4.4	2.2	27.3	15.5	15.8	15.5	10.1	9
521477	2059655	300002	QSI	1951	4.9	3.9	3.1	8.3	55.4	18.5	6.1	10.2	33.2	9.9	20.8	8.3	15.2
521477	2059655	300002	QSI	1952	5.2	4.1	3.9	86.6	21.4	9.2	15.8	5.8	53.7	8.5	6.8	4.7	18.8
521477	2059655	300002	QSI	1953	5.7	3.6	4.8	4.8	74.2	7.3	11.4	6.2	28.2	34.6	43.5	15.7	20
521477	2059655	300002	QSI	1954	6.8	33.5	5.9	13.9	17.3	35.5	7.2	11.6	15.1	52.4	23.3	7.6	19.2
521477	2059655	300002	QSI	1955	5.6	4.4	3.5	7.3	18.2	11.8	26.6	27.3	29.6	34.5	10.3	8.2	15.6
521477	2059655	300002	QSI	1956	5.5	12.6	11.1	20.5	24.9	18.7	8.8	14.7	13.6	51.4	7.9	7.5	16.4
521477	2059655	300002	QSI	1957	5.1	4.2	3.4	3	4	33.2	4.9	8.6	12.2	32.4	5.3	5.3	10.1
521477	2059655	300002	QSI	1958	4.2	3.3	2.8	2.2	79	49	8.6	18.5	19.6	7.1	6.7	4.6	17.1
521477	2059655	300002	QSI	1959	4.2	3.2	2.5	6.6	4.4	2.9	16.8	7.9	24.6	20	29.6	5.7	10.7
521477	2059655	300002	QSI	1960	6.8	11	9.3	21.1	37.3	34.6	16.8	11.2	29.9	19.5	20.6	9.8	19
521477	2059655	300002	QSI	1961	6.1	5.4	20.6	7.5	6	10.8	5.8	11.3	16.8	51	8.8	12.3	13.5
521477	2059655	300002	QSI	1962	5.5	4.4	3.5	13.9	13.4	22.1	6.2	11.4	12	12.6	14.3	16.5	11.3
521477	2059655	300002	QSI	1963	5.6	4.4	7.5	25	17.9	6.9	5.4	12.6	46.3	27.5	12.5	10.8	15.2
521477	2059655	300002	QSI	1964	5.6	4.4	3.5	10.3	20	17.1	12.2	15.6	43.7	15	13.9	6	13.9
521477	2059655	300002	QSI	1965	4.8	3.8	3	2.4	52.3	8.2	12.9	10.5	12.5	17.3	31.2	7.6	13.9
521477	2059655	300002	QSI	1966	7.3	4.8	3.8	19.4	11.3	4.3	7	12.3	32	30.6	8.7	5.5	12.3
521477	2059655	300002	QSI	1967	4.4	3.5	2.7	2.2	3	12.5	3	7.1	5	32.8	4.1	3.3	6.9
521477	2059655	300002	QSI	1968	2.6	2	1.6	1.3	20.3	30.7	3.7	17.6	16.1	25.3	36.2	13	14.2
521477	2059655	300002	QSI	1969	5.8	4.6	3.6	12.6	44	37.6	10.1	12.6	36	42.1	18.1	7.1	19.5
521477	2059655	300002	QSI	1970	5.7	6.6	4.3	3.4	25.7	54.5	8.1	18.3	38.5	42.7	64.4	9.7	23.5
521477	2059655	300002	QSI	1971	6.4	8.2	11.5	21.2	14.1	12.4	9	8.3	18	41.6	11.6	6.3	14.1
521477	2059655	300002	QSI	1972	5.1	4.4	8.1	4.9	7.5	8.6	4.9	8.7	12.4	23.5	5.4	8.9	8.5
521477	2059655	300002	QSI	1973	5	4.1	3.3	2.6	3.7	6.4	6.9	7.8	29	49.6	5.4	4.3	10.7
521477	2059655	300002	QSI	1974	3.5	5.2	3	2.4	2.3	1.9	2.4	9	62	26	22.2	5.3	12.1
521477	2059655	300002	QSI	1975	4.2	3.3	3	2.4	5.2	2.3	4.1	4.2	28	7.1	34.6	16.8	9.6
521477	2059655	300002	QSI	1976	5.1	4.6	3.5	24.5	3.8	3.9	2.8	38	14.8	15.9	4.7	6.7	10.7
521477	2059655	300002	QSI	1977	3.8	3	2.5	2	14.9	2.7	4.4	20.4	5.9	16.5	35	21.8	11.1
521477	2059655	300002	QSI	1978	6.5	5.3	17.4	13.5	23.5	5.9	4.8	8.6	19.3	59.2	5.7	4.6	14.5
521477	2059655	300002	QSI	1979	3.6	2.8	3.2	10.9	67.1	40	28.5	72.3	87	43	19.6	7.8	32.2
521477	2059655	300002	QSI	1980	6.8	5.2	4.6	13.6	33.4	5.6	4.4	16.9	36.2	13.7	5.3	5.6	12.6
521477	2059655	300002	QSI	1981	4.8	3.6	4.5	12.8	77.9	25.2	25.4	20	25.8	45.5	10.4	10.9	22.2
521477	2059655	300002	QSI	1982	6.2	5	4	3.2	46.5	9.8	18.9	13.2	16.2	12	7.6	10.4	12.7
521477	2059655	300002	QSI	1983	5	4	3.2	21.3	43	8.8	19.4	26.4	16.8	23	6.6	5.2	15.2
521477	2059655	300002	QSI	1984	7.2	4.1	3.3	2.7	27.3	36	5.3	4.6	40.4	11.4	11.1	5.3	13.2
521477	2059655	300002	QSI	1985	4.2	3.5	3.2	2.7	16.6	7.3	3.8	16.7	41.9	65.1	20	6.1	15.9
521477	2059655	300002	QSI	1986	4.9	3.9	3.1	15.5	75.9	11.4	6.7	14.5	16.1	19.1	29.1	6.9	17.3
521477	2059655	300002	QSI	1987	5.2	8.4	4.2	31.1	32.3	34.7	5.8	7.7	17.8	21.7	39.4	20.2	19
521477	2059655	300002	QSI	1988	7.2	5.4	4.4	22.6	12.9	17	29.1	20.3	8.8	24.5	17.5	8.5	14.9
521477	2059655	300002	QSI	1989	5.6	12.7	9.7	7.8	34.2	11	7.2	18.8	27.1	42.5	7.5	5.6	15.8
521477	2059655	300002	QSI	1990	7.4	4.5	3.6	4.5	6.2	11.1	6.6	6.8	38.1	96.6	43.5	11.4	20
521477	2059655	300002	QSI	1991	6.3	7.2	4.7	5.6	21.3	19.1	14.9	13.9	7	21.5	6.8	6	11.2
521477	2059655	300002	QSI	1992	10.4	4.6	7	16.9	65.9	7.4	7.3	8.3	29.1	18.3	16.2	11	16.9
521477	2059655	300002	QSI	1993	6.6	5.8	4.8	17	23.8	8.3	8.7	7.2	14.3	14.4	22.9	7.3	11.8
521477	2059655	300002	QSI	1994	5.1	4	8.8	4.2	10.9	3.8	3	12	10.5	22.2	10.3	11	8.8
521477	2059655	300002	QSI	1995	4.8	7.3	8.2	4.1	36.6	13.7	12.4	11.1	36.4	10.8	7.6	5.7	13.2
521477	2059655	300002	QSI	1996	4.4	14.6	14.4	18.1	19.2	5.4	10.8	15.7	37.3	20.9	42.4	7.7	17.6
521477	2059655	300002	QSI	1997	5.7	5.7	4.1	3.4	20.1	4.6	3.9	8.5	7.2	19.9	8.3	4.8	8
521477	2059655	300002	QSI	1998	4	3.3	8.9	4.2	12.1	9.5	9.6	33	37.6	20.3	19	11.5	14.4
521477	2059655	300002	QSI	1999	6	10.3	9.5	10.8	17.9	26.4	8.9	6.3	18.2	41	15.1	6	14.7
521477	2059655	300002	QSI	2000	5.5	4.2	3.3	2.6	10.7	11.2	3.5	6.5	22.5	17	6.8	10.6	8.7
521477	2059655	300002	QSI	2001	4.6	3.7	3	12	6.2	5.5	4.5	3.2	17.4	10.8	4.2	10.1	7.1
521477	2059655	300002	QSI	2002	3.8	3	2.4	2	10.7	19	3.6	7.5	26	7.9	6.2	4.8	8.1
521477	2059655	300002	QSI	2003	3.6	2.9	2.4	10	3.6	3.3	10.2	21.1	12.1	51.4	38.4	8.2	13.9
521477	2059655	300002	QSI	2004	5.5	4.4	4.3	4.2	46.1	6.9	4.6	8.8	45.1	34.1	7.6	12.3	15.3
521477	2059655	300002	QSI	2005	5.4	4.3	3.4	8.9	67.4	29	22.8	41	30.6	65.2	13.9	6.9	24.9
521477	2059655	300002	QSI	2006	5.5	4.3	3.7	45.1	16.6	22.4	14.7	47	11.9	26	16.8	8.1	18.5
521477	2059655	300002	QSI	2007	5.7	4.6	9.1	4.3	36.1	16.1	12.5	41.7	25.7	51.6	20.4	18	20.5
521477	2059655	300002	QSI	2008	8.5	6	4.7	34.1	10.5	88.4	6.4	43.8	94.3	21	25.2	7.7	29.2
521477	2059655	300002	QSI	2009	6.3	10.4	5	40.6	59.1	36.1	9.4	20.6	43.3	6.9	31.8	21.2	24.2
521477	2059655	300002	QSI	2010	6.3	4.9	4.1	15.8	53.9	32.7	25.6	13.2	26.9	28.8	23.8	7.4	20.3
521477	2059655	301001	QSI	1931	1.3	0.6	1.3	3.6	5.5	3.4	2.7	1.8	4.8	4.1	3.1	2.7	2.9
521477	2059655	301001	QSI	1932	2.1	0.7	0.5	1	3.6	2	1.2	2.6	3.9	2.5	5.3	4.6	2.5
521477	2059655	301001	QSI	1933	1.1	0.6	1.1	0.5	2.3	1.3	0.8	1.7	3.8	1.8	3.3	3.3	1.8
521477	2059655	301001	QSI	1934	2.6	2	0.7	0.9	2.6	1	1.9	1.7	2.6	2.2	3.9	3.2	2.1
521477	2059655	301001	QSI	1935	0.6	1.1	0.5	0.4	2.8	0.6	2	2.4	2.1	3.5	1.8	3.5	1.8
521477	2059655	301001	QSI	1936	1.3	0.6	0.5	0.8	4	1.4	2.8	0.6	2.7	2.5	1.8	8	2.3
521477	2059655	301001	QSI	1937	6.5	0.7	0.5	0.6	7.8	0.9	2.6	1.7	1	1.2	4.2	4.7	2.7
521477	2059655	301001	QSI	1938	1.2	1.3	0.6	0.5	0.7	1.2	2	1.9	1.1	1.5	2	1.6	1.3
521477	2059655	301001	QSI	1939	0.8	0.8	0.8	0.6	1.9	1.9	0.8	0.8	2.2	3.5	2.4	2.3	1.6
521477	2059655	301001	QSI	1940	2.1	1.8	0.6	1.7	2.2	2.2	1.2	1.5	2	4.2	3.5	1.4	2
521477	2059655	301001	QSI	1941	0.6	0.5	0.6	0.9	3.3	2	1.4	1.4	2.8	2.5	2.6	1.7	1.7
521477	2059655	301001	QSI	1942	1.9	0.7	1.3	2	2.9	1.2	1.7	3.4	1.9	1.2	4	1	1.9
521477	2059655	301001	QSI	1943	1.8	1.3	1.7	1	1.5	1.4	1.7	1.8	2.5	2.2	1.6	1.3	1.6
521477	2059655	301001	QSI	1944	0.7	0.5	0.4	0.7	1.7	2.7	2.6	1.3	2	1.6	3.7	2	1.7
521477	2059655	301001	QSI	1945	1.3	1.4	0.6	0.5	3.6	0.5	2.6	2.1	2.7	1.6	1.6	1.7	1.7
521477	2059655	301001	QSI	1946	1.1	0.6	1.7	0.8	1.8	1.4	0.6	1.3	1.3	2	5.3	1.6	1.6
521477	2059655	301001	QSI	1947	1.9	1.8	0.6	0.4	2.5	0.8	0.7	0.6	0.9	2.2	0.7	0.9	1.2
521477	2059655	301001	QSI	1948	1.4	0.6	0.4	0.3	3.4	1.5	1.5	0.7	0.9	2.2	2.6	1	1.4
521477	2059655	301001	QSI	1949	0.8	0.5	0.5	0.3	1.6	0.5	0.6	0.9	2	2.2	0.7	5.9	1.4
521477	2059655	301001	QSI	1950	1.6	1.2	0.6	1	1.5	1.3	1.7	2.7	1.2	0.8	2.6	1.9	1.5
521477	2059655	301001	QSI	1951	0.9	0.9	1	0.8	3.1	2.2	1.5	1.2	2.3	0.8	1.8	2	1.5
521477	2059655	301001	QSI	1952	0.6	0.4	0.4	3.5	1.3	0.6	2.5	0.7	3	0.6	0.7	0.6	1.2
521477	2059655	301001	QSI	1953	0.9	0.4	0.4	1	3.6	1	1.6	0.8	1.3	1.6	3.3	1.8	1.5
521477	2059655	301001	QSI	1954	1.6	3.5	0.6	1.3	1.1	2.9	1.5	2.2	1.5	2.6	0.7	1.2	1.7
521477	2059655	301001	QSI	1955	0.5	0.7	0.5	0.6	2	1.1	2.6	2.1	2.3	1.8	0.8	1.6	1.4
521477	2059655	301001	QSI	1956	0.6	3	4.1	1.1	2.8	1.1	1	1	0.9	1.6	1.1	2.7	1.7
521477	2059655	301001	QSI	1957	0.7	0.9	0.4	0.4	0.3	2.3	0.5	0.8	0.9	1.3	1.5	1.3	0.9
521477	2059655	301001	QSI	1958	1	0.6	0.9	0.4	3.4	4.1	2.9	1.4	1.8	1.5	1.3	0.6	1.7
521477	2059655	301001	QSI	1959	0.9	0.5	0.4	1.6	3.4	0.5	1.5	1	2	2.1	1.4	1	1.4
521477	2059655	301001	QSI	1960	2.2	0.8	3.3	2	3.1	2.6	1.4	2.2	1.8	2.6	3.5	1.9	2.3
521477	2059655	301001	QSI	1961	1	0.8	2.6	2.3	1.3	1.6	1.2	1.1	0.9	2.6	2.1	2.4	1.7
521477	2059655	301001	QSI	1962	1.6	0.8	0.8	1.8	2.4	0.7	1	0.9	1.3	1.2	2.1	2.7	1.4
521477	2059655	301001	QSI	1963	1.1	0.8	1.6	1.4	2.1	1	1	1.5	3.4	1.5	1.6	0.7	1.5
521477	2059655	301001	QSI	1964	0.8	0.4	0.4	2.1	1	1.7	0.8	1.2	1.1	2.2	2	1.4	1.3
521477	2059655	301001	QSI	1965	0.6	0.7	0.5	0.3	2.2	0.9	1.2	0.4	0.9	1.3	2.2	0.9	1
521477	2059655	301001	QSI	1966	1	0.6	1.9	1.3	5.1	0.7	0.5	1.4	1.1	1.6	2.4	1.2	1.6
521477	2059655	301001	QSI	1967	0.9	0.5	0.5	0.6	0.4	0.9	0.5	1	0.6	0.9	0.4	0.3	0.6
521477	2059655	301001	QSI	1968	0.4	0.3	0.2	0.3	2.3	0.8	1.6	1.1	1.2	0.7	2.4	5.4	1.4
521477	2059655	301001	QSI	1969	1.2	0.5	0.4	1.7	2.7	1.5	1.3	1.6	1.8	2.1	2.8	1.3	1.6
521477	2059655	301001	QSI	1970	0.8	1	0.5	0.4	1.5	2.5	1.4	1.7	1.6	2.6	7.6	2.8	2
521477	2059655	301001	QSI	1971	0.9	1.3	2.2	1.7	1.8	0.8	1	2.2	1.1	1.9	1.5	2.2	1.5
521477	2059655	301001	QSI	1972	1.3	1.3	2.8	0.7	1.6	1.2	0.5	1.5	1.7	1.7	0.9	2.4	1.5
521477	2059655	301001	QSI	1973	1.4	1.2	0.6	0.5	0.8	0.9	0.7	1.8	1.9	2.5	1.5	1	1.2
521477	2059655	301001	QSI	1974	1.8	1.4	0.6	0.6	0.8	0.5	0.7	1.2	3.2	4	3.1	1.5	1.6
521477	2059655	301001	QSI	1975	0.6	0.5	0.4	0.5	1	0.3	1	2.8	0.9	1	4.3	3.5	1.4
521477	2059655	301001	QSI	1976	0.6	0.6	0.4	0.4	0.3	0.3	0.3	1.8	1	2.7	0.9	0.7	0.9
521477	2059655	301001	QSI	1977	0.5	0.3	0.3	0.3	1.1	0.3	0.7	2.2	0.9	1.3	3.6	1.8	1.1
521477	2059655	301001	QSI	1978	0.9	1.1	1.4	2.9	1.2	0.6	0.5	0.9	1.3	2.6	0.6	0.6	1.2
521477	2059655	301001	QSI	1979	0.5	0.3	1.6	4.1	5.5	2.3	2.3	0.9	5.5	2.6	2.9	1.3	2.5
521477	2059655	301001	QSI	1980	0.8	0.6	0.6	0.7	1.9	0.7	0.6	1.2	1.7	1.9	0.6	2.1	1.1
521477	2059655	301001	QSI	1981	2.1	0.8	2.2	2.1	4.5	2.6	2.7	2.4	0.8	2.2	1.3	2.5	2.2
521477	2059655	301001	QSI	1982	2	1	0.9	0.8	4.3	1.4	2.3	1.1	2.1	0.9	1.9	3	1.8
521477	2059655	301001	QSI	1983	0.8	1	1.2	2.4	2.9	3.1	2.2	1.8	1.1	1.5	1	1.7	1.7
521477	2059655	301001	QSI	1984	1.4	0.7	1.4	1.4	2.1	2.2	0.7	1.3	2.6	1.4	2	1.5	1.6
521477	2059655	301001	QSI	1985	0.6	1.3	1.8	1.1	2.4	1.7	1	0.8	2.5	2.4	2.3	2	1.7
521477	2059655	301001	QSI	1986	0.8	0.9	1.3	1.7	3.5	1.4	1.2	1.4	0.8	1.8	4.2	0.8	1.6
521477	2059655	301001	QSI	1987	1.2	0.9	0.6	2.3	5.9	2.7	0.6	0.7	1	1.4	3.1	4.6	2.1
521477	2059655	301001	QSI	1988	2.5	0.9	1.1	1.4	1.3	0.7	3.4	2.4	1.4	2.2	1	3.9	1.8
521477	2059655	301001	QSI	1989	1.7	2.2	1.1	1.8	2.4	1.1	0.7	1.3	1.5	2.1	0.9	0.6	1.4
521477	2059655	301001	QSI	1990	2.1	1.2	0.6	1	0.5	1.3	1	0.8	2	3.9	3.3	3.6	1.8
521477	2059655	301001	QSI	1991	1.4	1	1.5	1.5	1.8	0.6	1.2	0.6	1	1.8	0.9	2	1.3
521477	2059655	301001	QSI	1992	1.8	0.7	0.6	1.7	4	0.8	0.6	1.1	2.2	1.4	3.5	2.8	1.8
521477	2059655	301001	QSI	1993	2.5	1.5	2.7	2.5	1.7	1.3	0.9	1.5	1.6	1.1	3.3	1.2	1.8
521477	2059655	301001	QSI	1994	1.4	0.8	1.3	0.6	3.4	0.5	0.6	1.5	0.8	2.5	2.5	3.2	1.6
521477	2059655	301001	QSI	1995	0.8	2.3	2	0.7	1.4	0.7	1.5	2.5	2.5	1.3	2.8	2.5	1.7
521477	2059655	301001	QSI	1996	1.5	1.1	1.1	1.8	2	1	1.2	1.5	1.5	2.2	3.8	1.8	1.7
521477	2059655	301001	QSI	1997	1.2	1.3	0.6	0.5	1.2	0.4	0.9	1.2	0.6	2	2.2	1.5	1.1
521477	2059655	301001	QSI	1998	1.1	0.5	1.3	0.6	0.5	1.1	1.8	1.3	2.9	2.4	3.1	4.5	1.8
521477	2059655	301001	QSI	1999	3.2	1.6	0.9	0.6	1	2.3	1.6	1	2.2	2.3	2.5	1.5	1.7
521477	2059655	301001	QSI	2000	1	0.5	0.7	0.4	0.8	1.1	0.7	1.7	1.7	2.2	2.4	3.4	1.4
521477	2059655	301001	QSI	2001	1.1	0.8	0.5	0.9	1.6	0.9	0.8	0.6	2	2	1.1	3	1.3
521477	2059655	301001	QSI	2002	0.5	0.6	0.8	0.8	1.3	2	1	2	2.5	1.2	2.1	3.3	1.5
521477	2059655	301001	QSI	2003	1.5	0.6	0.4	1.1	1.5	1.5	0.8	2.2	2.3	2.7	4.2	0.8	1.6
521477	2059655	301001	QSI	2004	1.6	1.1	0.5	0.8	3.9	0.7	1.5	1.8	2.7	2.9	3.5	4.2	2.1
521477	2059655	301001	QSI	2005	0.7	0.5	0.4	1.5	3.1	1.2	2.1	2	2	3	2	0.6	1.6
521477	2059655	301001	QSI	2006	1.7	0.6	0.8	2.2	1	2.2	2.2	2.7	1.2	3.1	2	1.9	1.8
521477	2059655	301001	QSI	2007	0.9	0.5	1.8	1.1	1.8	1.2	2.7	3.3	2.2	3.6	0.9	4.3	2
521477	2059655	301001	QSI	2008	1.3	0.6	0.5	1.7	1.4	2.6	1.4	2.4	4.1	2.7	2.6	0.6	1.8
521477	2059655	301001	QSI	2009	1	1.4	0.8	1.6	1.5	2.8	2.1	1.1	1.8	0.6	2.3	2.9	1.7
521477	2059655	301001	QSI	2010	0.6	0.4	0.8	0.8	3.7	2.5	2.6	1.9	2.5	2.5	1	0.9	1.7
521477	2059655	311001	QSI	1931	2.7	2.1	1.7	3.9	12.1	6.7	8.5	7.3	16.6	7.6	6.2	2.8	6.5
521477	2059655	311001	QSI	1932	2.2	1.7	1.3	3.5	13.2	10.8	5.5	9.4	23.7	13	7.2	2.6	7.8
521477	2059655	311001	QSI	1933	2.1	1.6	1.4	1.3	4.9	6.6	5.2	5.8	8.5	4.6	2.1	3.2	3.9
521477	2059655	311001	QSI	1934	2.1	1.7	1.4	1.3	8.9	4.4	6.2	8.7	14.4	8.1	6.6	2.6	5.5
521477	2059655	311001	QSI	1935	2	2	1.5	1.1	12.3	6.3	3.5	12.8	5.6	13.1	2.5	2.1	5.4
521477	2059655	311001	QSI	1936	1.6	1.3	1	0.9	16.9	5.3	12.7	11.3	9.7	6.7	2.3	3	6.1
521477	2059655	311001	QSI	1937	2.5	1.7	1.3	1.5	30.9	7	4.2	3.9	2.5	5.2	3.7	2.2	5.5
521477	2059655	311001	QSI	1938	1.6	1.3	1	0.9	2.2	1	3.5	4	4.7	1.5	2	1.2	2.1
521477	2059655	311001	QSI	1939	1	0.8	0.6	0.7	1.7	2	1	5.6	6.4	10.1	4.3	1.9	3
521477	2059655	311001	QSI	1940	1.5	1.2	1	1.2	22.6	1.4	2.2	1.6	4	20.8	4.2	1.9	5.3
521477	2059655	311001	QSI	1941	1.5	1.2	0.9	5.7	3.2	6.9	6.1	10.6	6	7.1	2.9	2	4.5
521477	2059655	311001	QSI	1942	1.6	1.3	1	2.4	5.8	10.4	4.3	3.4	1.9	1.5	1.8	1.2	3
521477	2059655	311001	QSI	1943	1	0.8	2.4	2.1	3.9	2	1.3	3.1	5.5	2.3	1.4	2.1	2.3
521477	2059655	311001	QSI	1944	1.2	0.9	0.8	0.6	10.2	17.3	8.9	1.8	6.3	2.2	2	1.4	4.5
521477	2059655	311001	QSI	1945	1.1	0.9	0.7	0.6	17.4	1.1	2.9	15.7	7.1	2.5	2.6	1.7	4.5
521477	2059655	311001	QSI	1946	1.4	1.1	1.6	1	7.8	1.9	1.3	1	2.9	6.5	4.1	1.6	2.7
521477	2059655	311001	QSI	1947	1.2	1	0.8	0.6	5	0.9	2.5	1	12.4	4.9	1.5	1.2	2.8
521477	2059655	311001	QSI	1948	1	0.8	0.7	0.6	17.3	1.2	1.2	1.2	1.6	4.7	6.1	1.6	3.2
521477	2059655	311001	QSI	1949	1.3	1	0.9	0.7	0.7	1.2	0.9	0.9	4.5	3.6	1.3	2.9	1.7
521477	2059655	311001	QSI	1950	1.2	1	0.9	1.1	0.9	0.7	1.5	1.7	5.8	6.7	4.6	4.9	2.6
521477	2059655	311001	QSI	1951	1.8	1.4	1.1	1.4	3	4.7	1.6	1.9	7.9	3.1	4.7	2.8	3
521477	2059655	311001	QSI	1952	1.7	1.3	1.1	8.7	3.3	1.4	4	2.3	7	3.5	1.7	1.3	3.1
521477	2059655	311001	QSI	1953	1.6	1	0.8	0.6	12.8	1.3	3.3	2.9	4.9	2.4	2.9	1.5	3
521477	2059655	311001	QSI	1954	1.2	6.2	1.3	2	2	3.2	1.3	3.6	7.9	19.3	10.6	3.4	5.2
521477	2059655	311001	QSI	1955	2.1	1.6	1.3	4.2	3.3	1.5	3.3	7.1	6.1	16.5	7.8	2.7	4.8
521477	2059655	311001	QSI	1956	2	1.7	3.6	1.8	6.6	1.7	1.6	5.2	2.9	14.7	3.7	2.2	4
521477	2059655	311001	QSI	1957	1.7	1.3	1	0.8	0.7	3.1	2.2	3.8	11.2	5.9	2.5	1.9	3
521477	2059655	311001	QSI	1958	1.8	1.3	1	0.8	23.6	11.6	3.3	6.6	4	5.3	2.6	1.8	5.3
521477	2059655	311001	QSI	1959	1.4	1.1	0.9	2.1	0.9	0.7	3.7	3.7	8.4	6.3	4.2	2.1	3
521477	2059655	311001	QSI	1960	1.9	2	1.4	2	1.5	3.1	2.7	1.9	10	11.3	7.1	2.4	3.9
521477	2059655	311001	QSI	1961	1.8	1.4	1.9	1.2	1.5	2.5	2.5	11.1	11.5	7.4	3.3	3.5	4.1
521477	2059655	311001	QSI	1962	1.9	1.5	1.2	2	2.8	4.4	1.5	3.7	4.7	2.5	1.9	1.6	2.5
521477	2059655	311001	QSI	1963	1.2	1	0.9	5	2.8	1.2	2.2	4	18.6	6.9	9	5.7	4.9
521477	2059655	311001	QSI	1964	2.2	1.7	1.4	3.1	2.7	3.4	1.8	6.2	8.4	2.3	1.7	1.3	3
521477	2059655	311001	QSI	1965	1.1	0.8	0.7	0.5	19.1	1.8	4.4	5	4.8	4.9	5.7	2.8	4.3
521477	2059655	311001	QSI	1966	1.8	1.4	1.1	1.9	2.3	1.1	6.1	8.5	3.7	7.5	1.9	1.5	3.3
521477	2059655	311001	QSI	1967	1.2	0.9	0.8	0.6	0.5	2.4	1.2	1.9	5.5	9.8	1.6	1.3	2.3
521477	2059655	311001	QSI	1968	1	0.8	0.6	0.5	2.4	8.8	1.7	7.6	8.4	2.2	1.6	2.6	3.2
521477	2059655	311001	QSI	1969	1.4	1.1	0.9	1	14.6	4.8	4.3	6.6	5.8	15.4	4.2	2.2	5.2
521477	2059655	311001	QSI	1970	1.7	1.4	1.1	0.8	2.5	28.4	2.4	7.9	12.1	8	10.3	2.4	6.6
521477	2059655	311001	QSI	1971	1.9	1.5	1.5	4.4	9	3.7	8.1	5	7.1	15.8	2.4	1.9	5.2
521477	2059655	311001	QSI	1972	1.5	1.2	1.7	1.1	3.2	5.8	3.9	4.2	8.1	12.9	2.3	1.8	4
521477	2059655	311001	QSI	1973	1.4	1.1	1.1	0.8	1	2.5	5.6	3.2	5.5	6.7	2	1.6	2.7
521477	2059655	311001	QSI	1974	1.3	2.1	1.2	1.1	1.9	1	2.1	3.2	4.7	4.7	4.7	1.7	2.5
521477	2059655	311001	QSI	1975	1.4	1.1	0.9	0.7	0.6	0.4	2.9	4.7	8.4	2.9	6.3	3.4	2.8
521477	2059655	311001	QSI	1976	1.7	1.4	1.1	1.7	1.1	0.9	1.8	12.4	5.4	5.4	1.8	1.7	3
521477	2059655	311001	QSI	1977	1.3	1	0.8	1	3.5	1.1	5.7	8.6	5.5	18.9	10.9	3.9	5.2
521477	2059655	311001	QSI	1978	2.2	1.8	1.5	2.1	4.3	5.1	1.8	3.5	4.7	25.5	3.5	2	4.8
521477	2059655	311001	QSI	1979	1.6	1.2	1.1	3.4	17.9	12	4.5	23.5	25.7	8.8	3.8	2.4	8.8
521477	2059655	311001	QSI	1980	1.9	1.5	1.2	1.4	3	1.7	1.5	2.6	7.6	3	1.6	1.3	2.3
521477	2059655	311001	QSI	1981	1	0.8	0.8	0.6	14.1	1.6	6.8	6.8	7.9	5.6	2	2	4.2
521477	2059655	311001	QSI	1982	1.5	1.5	1.1	0.9	4	1.1	7.4	3.4	5.3	2	1.7	1.3	2.6
521477	2059655	311001	QSI	1983	1	0.8	0.6	1.1	11.4	1.8	2.8	5	4.8	2.3	1.6	1.4	2.9
521477	2059655	311001	QSI	1984	1.1	0.9	0.7	0.6	3.2	5.5	1.6	1.4	17.2	3.8	4.8	1.8	3.6
521477	2059655	311001	QSI	1985	1.4	1.1	0.9	0.8	0.9	0.7	2.7	4	7	15.5	6.3	2	3.6
521477	2059655	311001	QSI	1986	2.1	1.5	1.2	5.4	31.7	13.4	4.1	8.2	14.4	16.6	4.8	3.5	8.9
521477	2059655	311001	QSI	1987	2.3	2.4	1.6	3.8	7.6	8.3	2	2.3	8.3	16.6	24.8	9.8	7.5
521477	2059655	311001	QSI	1988	2.5	2	1.6	5.8	2.2	6	14.5	11.5	9.9	10.1	5.3	2.4	6.2
521477	2059655	311001	QSI	1989	1.9	1.8	1.5	1.2	1.3	1	1.1	2.4	1.5	6.4	1.4	1.1	1.9
521477	2059655	311001	QSI	1990	0.9	0.7	0.6	0.5	0.4	0.3	2.4	2.6	6.4	13.9	5	1.8	3
521477	2059655	311001	QSI	1991	1.5	1.1	0.9	0.9	5.2	1.5	1.6	1.3	1.3	5.3	6	1.5	2.3
521477	2059655	311001	QSI	1992	2.8	1.3	1.4	6.6	16.9	4.9	5.4	12	9.8	7.4	2.7	2.5	6.2
521477	2059655	311001	QSI	1993	1.8	1.4	1.1	2.3	8.3	1.5	2.2	5.9	4	6.7	6.1	2	3.6
521477	2059655	311001	QSI	1994	1.6	1.3	1.2	0.9	0.8	0.6	0.7	3.5	7.5	4.8	1.8	6.5	2.6
521477	2059655	311001	QSI	1995	1.6	1.3	1	0.8	4.9	2	1.3	1.4	6.4	2	1.3	1	2.1
521477	2059655	311001	QSI	1996	0.8	1.3	1	1.1	3	2	2.5	8.3	16.3	6.8	13.9	3.8	5.1
521477	2059655	311001	QSI	1997	2.2	1.7	1.4	1.1	2.1	1.5	2.2	7.2	4.6	5.6	1.9	1.5	2.7
521477	2059655	311001	QSI	1998	1.2	0.9	0.8	0.6	4.6	2.1	4.7	13.3	17.6	6.2	11	2.9	5.5
521477	2059655	311001	QSI	1999	2.1	1.6	1.3	1.1	2.7	2.4	2.9	5.9	7.8	8.2	4.5	2	3.5
521477	2059655	311001	QSI	2000	1.6	1.3	1	0.8	3.6	3	2.7	1.3	11.1	3.7	1.6	1.3	2.7
521477	2059655	311001	QSI	2001	1	0.8	0.6	0.5	3.1	1	0.9	0.8	0.7	1.1	0.7	0.5	1
521477	2059655	311001	QSI	2002	0.4	0.3	0.3	1	0.9	1.2	0.7	4.6	11.1	1.7	1.4	1.1	2.1
521477	2059655	311001	QSI	2003	0.9	0.7	0.6	1.8	1.9	3.8	5.9	6.4	3.9	9.8	3	3.5	3.5
521477	2059655	311001	QSI	2004	1.9	1.5	1.3	1.9	14.5	4.2	5.7	3.6	17.4	8.5	2.4	1.9	5.4
521477	2059655	311001	QSI	2005	1.5	1.2	0.9	1.2	14.8	13.3	7.8	7.9	5.7	10.4	3	2.1	5.8
521477	2059655	311001	QSI	2006	1.6	1.3	1.1	6.1	8	8.7	6.3	14.2	8.2	4.6	2.3	1.8	5.3
521477	2059655	311001	QSI	2007	1.4	1.1	1.6	1.2	12.7	10.5	2.5	10.2	4	14.1	2.8	2.4	5.4
521477	2059655	311001	QSI	2008	1.8	1.4	1.1	6.9	5.9	17.3	3.7	20	24.3	2.5	3.2	1.9	7.5
521477	2059655	311001	QSI	2009	1.5	1.9	1.2	4.9	15.5	7.5	3	5.4	3.3	4.4	2	1.7	4.4
521477	2059655	311001	QSI	2010	1.3	1	0.8	4.9	16.2	8.3	12.3	3.3	5.9	2.1	3	1.7	5.1
521477	2059655	311002	QSI	1931	1.8	1.5	1.5	5	11.2	8.4	9	7.4	14.7	6.9	6.3	3.5	6.4
521477	2059655	311002	QSI	1932	2.7	2.2	1.9	4.8	13.6	10.7	6.2	9.9	19.8	10.7	6.4	3	7.7
521477	2059655	311002	QSI	1933	2.5	2.1	2.3	2.4	7.1	8.1	6.5	7.2	8.8	5.1	3	4.5	5
521477	2059655	311002	QSI	1934	3.3	3	2.7	2.8	9.7	6.6	7	9.1	13.7	7.8	6.1	3.4	6.3
521477	2059655	311002	QSI	1935	2.6	3.3	2.2	1.8	13	7.9	4.9	11.6	6.1	12.4	3.3	3.1	6
521477	2059655	311002	QSI	1936	2.3	2	1.7	2.2	16.2	6.3	12.3	11.8	9.5	6.1	2.8	4.2	6.4
521477	2059655	311002	QSI	1937	3.9	2.3	2	3	26.7	6.7	5.2	4.8	4.1	6.7	5	3.2	6.1
521477	2059655	311002	QSI	1938	2.3	2.2	1.9	1.9	3.9	2.1	4.6	5.2	5.8	2.1	3.5	1.8	3.1
521477	2059655	311002	QSI	1939	1.6	1.4	1.3	1.6	3.4	3.6	2.1	7	7.9	9.3	5	2.8	3.9
521477	2059655	311002	QSI	1940	2.2	2	1.6	2.6	19.7	2.3	3.6	3	5.5	18.2	4.7	2.4	5.7
521477	2059655	311002	QSI	1941	2	1.7	1.4	6.6	4.5	8.4	7.1	12.1	6.7	7.7	4.2	2.7	5.4
521477	2059655	311002	QSI	1942	2.2	2	1.8	3.6	7.1	10.8	5.3	4.8	2.9	2.4	3.5	2	4
521477	2059655	311002	QSI	1943	2.1	1.7	4	3.3	5.4	3.7	2	4.5	6.5	3.5	2.3	3.2	3.5
521477	2059655	311002	QSI	1944	1.8	1.6	1.3	1.2	9.9	15.9	8.2	2.2	6.8	3.2	3.4	2.1	4.8
521477	2059655	311002	QSI	1945	1.7	1.5	1.3	1.5	15.7	1.6	4.6	14	7.5	3.8	3.8	2.7	5
521477	2059655	311002	QSI	1946	2.1	2	3.1	2.2	8.4	3.5	2.3	2.2	4.9	8.1	5	2.3	3.8
521477	2059655	311002	QSI	1947	1.9	1.9	1.5	1.3	6.6	2	3.9	2	11.4	5.5	2	1.7	3.5
521477	2059655	311002	QSI	1948	1.7	1.8	1.3	1.7	16.3	2	2.5	2.5	3.2	6	6.5	2.4	4
521477	2059655	311002	QSI	1949	2	1.7	2.1	1.4	2.2	3	2.3	2.6	6.3	4.5	2	4.3	2.8
521477	2059655	311002	QSI	1950	1.9	2.2	2	2.4	1.9	1.9	3.3	3.6	6.7	7.2	5.6	5	3.6
521477	2059655	311002	QSI	1951	2.3	1.9	1.6	2.4	5.4	5.8	2.8	3.4	8.5	4.5	6.3	4.4	4.1
521477	2059655	311002	QSI	1952	2.4	2	1.9	9	5	2.1	6.1	3.8	8.1	4.7	2.5	2	4.1
521477	2059655	311002	QSI	1953	2.9	1.7	1.4	1.2	12.4	2.4	4.6	4.3	6.1	3.5	4.4	2.3	3.9
521477	2059655	311002	QSI	1954	1.9	7.9	2	3.4	3.9	5.4	2.4	5.4	8.4	17.1	9.1	3.8	5.9
521477	2059655	311002	QSI	1955	2.5	2.2	1.8	5.1	5.1	2.6	4.8	7.6	7.4	14.7	6.6	3.3	5.3
521477	2059655	311002	QSI	1956	2.5	2.9	5.8	3.4	7.7	3.2	3.1	6.6	4.4	13	4.1	3.2	5
521477	2059655	311002	QSI	1957	2.3	2	1.6	1.5	2	5.6	3.6	5.2	10.7	6	3.2	2.8	3.9
521477	2059655	311002	QSI	1958	2.9	2	1.8	1.5	21.6	11.8	4.2	7.8	5.3	5.9	3.6	2.3	5.9
521477	2059655	311002	QSI	1959	2	1.7	1.4	3.1	1.4	1.4	4.6	4.9	8.4	6.2	4.7	2.8	3.6
521477	2059655	311002	QSI	1960	3	3.6	2.1	3.7	3.4	4.8	4.3	3.5	9.8	9.6	7.3	3	4.8
521477	2059655	311002	QSI	1961	2.3	2.2	3.6	2	3	4.3	4	10.6	10.8	7.4	4.1	4.2	4.9
521477	2059655	311002	QSI	1962	2.5	2.1	1.7	3.9	4.2	6.1	2.5	4.9	5.8	3.6	2.9	2.9	3.6
521477	2059655	311002	QSI	1963	1.9	1.7	1.9	6.5	4.4	2.1	3.8	5.3	16.1	6.9	7.8	5.3	5.3
521477	2059655	311002	QSI	1964	2.6	2.1	1.8	4.4	3.9	5.2	3	7	8.6	3.1	2.6	2	3.9
521477	2059655	311002	QSI	1965	1.7	1.4	1.2	1	17.9	2.9	5.2	5.7	5.9	5.7	6.4	3.7	4.9
521477	2059655	311002	QSI	1966	2.4	2	1.7	3.3	3.6	1.7	7.1	8.2	5.2	8.1	2.8	2.2	4
521477	2059655	311002	QSI	1967	1.9	1.5	1.3	1.2	1.1	3.9	2.3	3.3	6	9.1	2.1	1.7	3
521477	2059655	311002	QSI	1968	1.4	1.2	1	0.9	4	9.7	2.7	8.2	8.1	3.1	2.8	4.1	4
521477	2059655	311002	QSI	1969	2	1.7	1.4	2.4	12.9	6	5.4	6.9	6.5	14.2	4.5	2.6	5.5
521477	2059655	311002	QSI	1970	2.2	1.9	1.6	1.4	4	23.5	3	9	11.7	8.4	9.4	2.9	6.6
521477	2059655	311002	QSI	1971	2.3	2.4	2.8	6.1	9.2	5	8.5	6.2	7.6	14	3.1	2.5	5.8
521477	2059655	311002	QSI	1972	2.1	1.9	3.3	2.2	4.5	6.7	5.7	5.3	8.3	11	3.2	2.6	4.7
521477	2059655	311002	QSI	1973	2.2	2.1	2.3	1.8	2.4	4.3	7.1	4.6	7.4	8.1	3	2.4	4
521477	2059655	311002	QSI	1974	2	3.8	2.4	2.2	3.4	2	3.4	5.1	6	6.5	5.9	2.3	3.8
521477	2059655	311002	QSI	1975	1.9	1.6	1.6	1.3	1.5	1.2	4.1	5.3	8.7	3.8	7.9	4.2	3.6
521477	2059655	311002	QSI	1976	2.2	2.1	1.7	3.3	2.3	2.1	3	11.7	6.2	5.9	2.4	2.9	3.8
521477	2059655	311002	QSI	1977	1.9	1.6	1.4	2	5.2	1.9	6.9	9.1	6.1	15.5	9.8	4.2	5.5
521477	2059655	311002	QSI	1978	2.7	2.3	2.6	4	6.3	6.4	3	5.2	6.7	20.7	3.8	2.5	5.5
521477	2059655	311002	QSI	1979	2.1	1.8	2.1	5.3	17	11.1	5.4	21.1	20.6	8.2	4.6	2.9	8.5
521477	2059655	311002	QSI	1980	2.5	2.1	1.9	2.9	4.7	3.2	2.8	4.5	8.4	4.3	2.2	2.1	3.5
521477	2059655	311002	QSI	1981	1.8	1.9	2.2	2	14.6	3.3	7.5	7.7	8.5	6.9	3	3.4	5.2
521477	2059655	311002	QSI	1982	2.3	3	1.9	1.6	6.2	2.5	8.2	5.1	6.4	3.3	3.2	2.2	3.8
521477	2059655	311002	QSI	1983	1.8	1.5	1.5	2.9	11.3	3.2	4.3	6.3	6.1	4	2.3	2.6	4
521477	2059655	311002	QSI	1984	2.3	1.9	1.5	1.3	5	7.6	2.7	2.6	15.1	4.7	5.5	2.3	4.4
521477	2059655	311002	QSI	1985	2	2	1.8	2	2.3	1.7	3.7	5.5	8.3	13.9	6.3	2.5	4.3
521477	2059655	311002	QSI	1986	3.2	2	1.7	6.1	25	10.5	4.6	8.6	12.3	14	5.2	4	8.1
521477	2059655	311002	QSI	1987	2.7	3.6	2.3	5	8.2	9.2	2.5	3.8	8.7	13.4	18.4	7.7	7.1
521477	2059655	311002	QSI	1988	3	2.5	2.3	6.3	3.5	6.9	12.9	11.2	9.5	9.4	6.1	3	6.4
521477	2059655	311002	QSI	1989	2.5	3.4	2.7	1.9	3	2.1	2.7	4.6	3.5	8.2	2.6	2	3.3
521477	2059655	311002	QSI	1990	2	1.5	1.3	1.1	0.9	1.4	3.8	3.9	7.7	13.7	5.7	2.4	3.8
521477	2059655	311002	QSI	1991	2	1.7	1.4	1.8	5.9	2.9	3.2	2.8	3	6.6	6.5	2.2	3.3
521477	2059655	311002	QSI	1992	3.8	1.9	2.5	6.9	15.6	5.3	6.3	11.3	9.6	7.9	3.6	3.8	6.5
521477	2059655	311002	QSI	1993	2.7	2.2	1.9	3.6	8.7	2.5	3.8	6.5	6	7.7	6.6	2.5	4.6
521477	2059655	311002	QSI	1994	2.2	2.2	2.3	1.7	1.8	1.5	2	5.2	8.1	6	2.8	6.9	3.5
521477	2059655	311002	QSI	1995	2.1	2	1.6	1.3	6.3	3.5	2.6	3.4	8.1	3.5	2.1	1.8	3.2
521477	2059655	311002	QSI	1996	1.5	3	2.1	2.5	5	3.7	4.4	8.9	14.5	6.8	12.2	3.9	5.7
521477	2059655	311002	QSI	1997	2.6	2.2	1.8	1.5	3.5	2.8	3.6	7.7	6	6.6	2.6	2	3.6
521477	2059655	311002	QSI	1998	1.7	1.5	1.6	1.3	5.7	4.2	5.7	12.6	14.6	6.4	9.8	3.4	5.7
521477	2059655	311002	QSI	1999	2.5	2.2	2	2.1	4.5	4.4	4.9	7	8.1	8.2	4.8	2.5	4.4
521477	2059655	311002	QSI	2000	2.2	1.8	1.5	1.3	5	4.9	3.9	2.3	10.6	5	2.2	1.9	3.5
521477	2059655	311002	QSI	2001	1.6	1.3	1.2	1.5	4.5	2.6	2.5	2	2.3	2.6	1.5	1.4	2.1
521477	2059655	311002	QSI	2002	1.2	1	0.9	2.4	2.8	3.4	1.9	6.3	10.9	2.7	2.4	1.8	3.1
521477	2059655	311002	QSI	2003	1.5	1.2	1	3.2	3.6	5.2	7	7.5	4.8	9.8	4.6	4.3	4.5
521477	2059655	311002	QSI	2004	2.4	2	2.4	3.8	13.6	5.9	6.5	5.2	15.4	7.8	3	2.5	5.9
521477	2059655	311002	QSI	2005	2.1	1.7	1.4	2.3	15.2	12.5	7.8	8.5	6.5	10.9	3.8	2.6	6.3
521477	2059655	311002	QSI	2006	2.2	1.8	2.1	7.4	8.9	9.4	7.2	13.9	7.8	5.2	3	2.5	5.9
521477	2059655	311002	QSI	2007	2.1	1.8	3.3	2.6	13.1	9.8	3.8	10	5.3	13.3	3.6	3.7	6
521477	2059655	311002	QSI	2008	2.8	2.2	1.8	7.9	6.8	16.7	4.5	17.6	18.9	3.1	4.5	2.5	7.4
521477	2059655	311002	QSI	2009	2.5	3.7	2	6.4	15.3	8.6	4.3	6.6	5.4	5.2	3	3	5.5
521477	2059655	311002	QSI	2010	2.2	1.8	1.7	6.4	14.6	9.4	11.4	4.5	6.7	2.9	4.9	2.4	5.7
